bcl::contact::Types::Enum
  "HELIX_HELIX"
1
1631
bcl::math::TransformationMatrix3D
  bcl::linal::Matrix<double>
    4	    4
    0.0710479	-0.788876	-0.610433	0	
    -0.144749	-0.613655	0.776192	0	
    -0.986915	0.0332127	-0.157787	0	
    -6.86227	1.59178	4.93917	1	


bcl::contact::Types::Enum
  "HELIX_HELIX"
1
341
bcl::math::TransformationMatrix3D
  bcl::linal::Matrix<double>
    4	    4
    -0.66501	-0.522819	0.533312	0	
    -0.52786	-0.176124	-0.830869	0	
    0.528323	-0.834051	-0.15885	0	
    10.1999	0.769276	-1.86425	1	


bcl::contact::Types::Enum
  "HELIX_HELIX"
2
40
bcl::math::TransformationMatrix3D
  bcl::linal::Matrix<double>
    4	    4
    -0.852943	0.487253	0.187276	0	
    -0.150176	0.114548	-0.982001	0	
    -0.499935	-0.865715	-0.0245294	0	
    -4.2622	-5.26185	7.28699	1	


bcl::contact::Types::Enum
  "HELIX_HELIX"
2
25
bcl::math::TransformationMatrix3D
  bcl::linal::Matrix<double>
    4	    4
    0.794763	0.485605	0.364059	0	
    -0.364616	0.861561	-0.353224	0	
    -0.485187	0.147987	0.861796	0	
    -8.18952	3.89725	2.55451	1	


bcl::contact::Types::Enum
  "HELIX_HELIX"
2
56
bcl::math::TransformationMatrix3D
  bcl::linal::Matrix<double>
    4	    4
    0.041859	0.689273	0.723291	0	
    0.464462	-0.654373	0.596716	0	
    0.884603	0.310962	-0.347533	0	
    4.52943	6.68813	3.84528	1	


bcl::contact::Types::Enum
  "HELIX_HELIX"
2
896
bcl::math::TransformationMatrix3D
  bcl::linal::Matrix<double>
    4	    4
    0.955563	-0.251863	0.15318	0	
    -0.111463	-0.789756	-0.60321	0	
    0.272901	0.559332	-0.782734	0	
    -7.48693	7.12107	-1.01985	1	


bcl::contact::Types::Enum
  "HELIX_HELIX"
2
115
bcl::math::TransformationMatrix3D
  bcl::linal::Matrix<double>
    4	    4
    -0.579041	0.2016	-0.789981	0	
    -0.547793	-0.81385	0.193831	0	
    -0.603849	0.544983	0.581687	0	
    -1.07186	5.82442	12.1509	1	


bcl::contact::Types::Enum
  "HELIX_HELIX"
3
117
bcl::math::TransformationMatrix3D
  bcl::linal::Matrix<double>
    4	    4
    -0.702477	0.0334658	-0.710919	0	
    -0.710259	-0.0966199	0.697277	0	
    -0.0453542	0.994758	0.0916429	0	
    3.31812	5.16407	13.8259	1	


bcl::contact::Types::Enum
  "HELIX_HELIX"
3
66
bcl::math::TransformationMatrix3D
  bcl::linal::Matrix<double>
    4	    4
    -0.0678159	0.845349	0.529893	0	
    -0.0180796	0.529988	-0.847813	0	
    -0.997534	-0.0670752	-0.0206584	0	
    -12.2166	-1.34398	1.14634	1	


bcl::contact::Types::Enum
  "HELIX_HELIX"
3
14
bcl::math::TransformationMatrix3D
  bcl::linal::Matrix<double>
    4	    4
    -0.427458	0.43333	0.793413	0	
    -0.458294	-0.860374	0.222992	0	
    0.779261	-0.268296	0.566366	0	
    2.46425	-5.95099	6.00636	1	


bcl::contact::Types::Enum
  "HELIX_HELIX"
3
565
bcl::math::TransformationMatrix3D
  bcl::linal::Matrix<double>
    4	    4
    0.812527	0.572135	-0.111629	0	
    0.553922	-0.817464	-0.15787	0	
    -0.181576	0.0664402	-0.98113	0	
    -10.09	2.18141	-1.23069	1	


bcl::contact::Types::Enum
  "HELIX_HELIX"
3
46
bcl::math::TransformationMatrix3D
  bcl::linal::Matrix<double>
    4	    4
    -0.5181	-0.834193	0.188924	0	
    -0.714705	0.300894	-0.631395	0	
    0.46986	-0.462151	-0.752096	0	
    7.71178	-5.79322	3.08819	1	


bcl::contact::Types::Enum
  "HELIX_HELIX"
3
84
bcl::math::TransformationMatrix3D
  bcl::linal::Matrix<double>
    4	    4
    -0.268095	-0.870194	0.413383	0	
    -0.936343	0.336326	0.100731	0	
    -0.226686	-0.360063	-0.904969	0	
    -9.44043	2.50386	1.12892	1	


bcl::contact::Types::Enum
  "HELIX_HELIX"
3
132
bcl::math::TransformationMatrix3D
  bcl::linal::Matrix<double>
    4	    4
    -0.972338	0.202863	0.115784	0	
    0.11786	0.854069	-0.506629	0	
    -0.201663	-0.478969	-0.854353	0	
    13.3964	-1.35722	-6.29065	1	


bcl::contact::Types::Enum
  "HELIX_HELIX"
3
16
bcl::math::TransformationMatrix3D
  bcl::linal::Matrix<double>
    4	    4
    -0.0337491	0.916002	-0.399753	0	
    -0.131573	0.392427	0.910325	0	
    0.990732	0.0833187	0.107276	0	
    11.0842	0.0393248	7.64569	1	


bcl::contact::Types::Enum
  "HELIX_HELIX"
4
22
bcl::math::TransformationMatrix3D
  bcl::linal::Matrix<double>
    4	    4
    0.477515	0.878461	-0.0168734	0	
    -0.871634	0.471211	-0.134961	0	
    -0.110608	0.0791538	0.990707	0	
    -2.50819	0.034272	12.358	1	


bcl::contact::Types::Enum
  "HELIX_HELIX"
4
3
bcl::math::TransformationMatrix3D
  bcl::linal::Matrix<double>
    4	    4
    0.96355	0.0766102	0.256326	0	
    -0.175281	-0.543052	0.821201	0	
    0.202111	-0.836197	-0.509829	0	
    11.8558	-7.52835	-6.09959	1	


bcl::contact::Types::Enum
  "HELIX_HELIX"
4
52
bcl::math::TransformationMatrix3D
  bcl::linal::Matrix<double>
    4	    4
    0.438507	0.207951	-0.874339	0	
    0.731925	-0.647186	0.213157	0	
    -0.521534	-0.733422	-0.436	0	
    -7.57666	-8.08446	13.5721	1	


bcl::contact::Types::Enum
  "HELIX_HELIX"
4
38
bcl::math::TransformationMatrix3D
  bcl::linal::Matrix<double>
    4	    4
    -0.196671	-0.891294	0.408553	0	
    0.295348	-0.451191	-0.842138	0	
    0.934928	-0.0449583	0.351979	0	
    13.6645	13.064	-3.95092	1	


bcl::contact::Types::Enum
  "HELIX_HELIX"
4
4
bcl::math::TransformationMatrix3D
  bcl::linal::Matrix<double>
    4	    4
    0.0205475	0.964037	-0.264975	0	
    0.932963	0.0767788	0.351688	0	
    0.359384	-0.254439	-0.897832	0	
    17.784	-0.734803	-6.9979	1	


bcl::contact::Types::Enum
  "HELIX_HELIX"
4
22
bcl::math::TransformationMatrix3D
  bcl::linal::Matrix<double>
    4	    4
    -0.565801	-0.40784	0.716614	0	
    0.819035	-0.37827	0.431386	0	
    0.0951374	0.83101	0.548061	0	
    6.80789	13.3736	3.6619	1	


bcl::contact::Types::Enum
  "HELIX_HELIX"
4
14
bcl::math::TransformationMatrix3D
  bcl::linal::Matrix<double>
    4	    4
    -0.268027	0.0550834	-0.961835	0	
    0.937794	0.243616	-0.247375	0	
    0.220692	-0.968306	-0.116952	0	
    -1.95323	1.6822	12.3982	1	


bcl::contact::Types::Enum
  "HELIX_HELIX"
4
249
bcl::math::TransformationMatrix3D
  bcl::linal::Matrix<double>
    4	    4
    0.844021	0.509735	0.166727	0	
    0.478241	-0.856038	0.196173	0	
    0.242721	-0.0858384	-0.966291	0	
    -11.0731	-1.23799	0.0443295	1	


bcl::contact::Types::Enum
  "HELIX_HELIX"
4
236
bcl::math::TransformationMatrix3D
  bcl::linal::Matrix<double>
    4	    4
    0.452631	-0.890513	0.0459504	0	
    -0.825908	-0.438106	-0.354879	0	
    0.336156	0.122678	-0.933783	0	
    -0.54156	13.2964	-3.71171	1	


bcl::contact::Types::Enum
  "HELIX_HELIX"
4
13
bcl::math::TransformationMatrix3D
  bcl::linal::Matrix<double>
    4	    4
    -0.438171	0.871403	0.220603	0	
    0.471592	0.431779	-0.768874	0	
    -0.76525	-0.232863	-0.600138	0	
    -8.62467	-6.46334	-1.06324	1	


bcl::contact::Types::Enum
  "HELIX_HELIX"
4
61
bcl::math::TransformationMatrix3D
  bcl::linal::Matrix<double>
    4	    4
    -0.1642	-0.599778	0.783138	0	
    -0.968283	-0.0535692	-0.244046	0	
    0.188325	-0.798372	-0.571958	0	
    9.53343	-6.12069	0.100306	1	


bcl::contact::Types::Enum
  "HELIX_HELIX"
4
164
bcl::math::TransformationMatrix3D
  bcl::linal::Matrix<double>
    4	    4
    -0.844836	0.53483	-0.0144938	0	
    0.530586	0.840999	0.10583	0	
    0.0687894	0.0817191	-0.994279	0	
    10.5234	-3.97793	3.54345	1	


bcl::contact::Types::Enum
  "HELIX_HELIX"
4
6
bcl::math::TransformationMatrix3D
  bcl::linal::Matrix<double>
    4	    4
    -0.795603	0.605481	-0.0202334	0	
    -0.595746	-0.788002	-0.15537	0	
    -0.110017	-0.111559	0.987649	0	
    -1.65501	-1.27157	7.26889	1	


bcl::contact::Types::Enum
  "HELIX_HELIX"
5
15
bcl::math::TransformationMatrix3D
  bcl::linal::Matrix<double>
    4	    4
    -0.0406309	0.998204	0.0440176	0	
    -0.96999	-0.0499768	0.237953	0	
    0.239726	-0.0330281	0.970279	0	
    -0.953584	0.931992	11.7916	1	


bcl::contact::Types::Enum
  "HELIX_HELIX"
5
10
bcl::math::TransformationMatrix3D
  bcl::linal::Matrix<double>
    4	    4
    -0.703958	-0.508458	0.495895	0	
    0.206601	-0.81461	-0.541965	0	
    0.679529	-0.279068	0.678499	0	
    6.47346	12.5688	6.13126	1	


bcl::contact::Types::Enum
  "HELIX_HELIX"
5
33
bcl::math::TransformationMatrix3D
  bcl::linal::Matrix<double>
    4	    4
    -0.401355	0.820962	-0.406123	0	
    0.890238	0.245387	-0.383746	0	
    -0.215383	-0.515564	-0.82934	0	
    -9.90861	5.62197	-5.4731	1	


bcl::contact::Types::Enum
  "HELIX_HELIX"
5
12
bcl::math::TransformationMatrix3D
  bcl::linal::Matrix<double>
    4	    4
    0.968322	-0.114132	0.222098	0	
    -0.0771298	-0.982647	-0.168687	0	
    0.237496	0.146214	-0.960321	0	
    12.9845	-0.389193	-1.44092	1	


bcl::contact::Types::Enum
  "HELIX_HELIX"
5
164
bcl::math::TransformationMatrix3D
  bcl::linal::Matrix<double>
    4	    4
    0.264708	-0.898623	0.349866	0	
    -0.887115	-0.369172	-0.277021	0	
    0.378098	-0.237041	-0.894904	0	
    3.97953	10.8542	-1.61795	1	


bcl::contact::Types::Enum
  "HELIX_HELIX"
5
13
bcl::math::TransformationMatrix3D
  bcl::linal::Matrix<double>
    4	    4
    -0.351929	0.88576	-0.302615	0	
    0.371395	0.428898	0.823476	0	
    0.859193	0.177416	-0.479909	0	
    5.1	8.00555	4.9606	1	


bcl::contact::Types::Enum
  "HELIX_HELIX"
5
177
bcl::math::TransformationMatrix3D
  bcl::linal::Matrix<double>
    4	    4
    -0.560848	0.812612	0.158464	0	
    0.708304	0.570047	-0.416357	0	
    -0.428669	-0.121273	-0.895285	0	
    5.15049	-9.9489	1.30027	1	


bcl::contact::Types::Enum
  "HELIX_HELIX"
5
74
bcl::math::TransformationMatrix3D
  bcl::linal::Matrix<double>
    4	    4
    0.601621	0.761536	-0.241069	0	
    0.792689	-0.606397	0.0626622	0	
    -0.0984639	-0.228791	-0.968483	0	
    -4.55314	-8.49777	8.75816	1	


bcl::contact::Types::Enum
  "HELIX_HELIX"
5
39
bcl::math::TransformationMatrix3D
  bcl::linal::Matrix<double>
    4	    4
    0.837468	0.244653	0.488662	0	
    -0.379097	-0.383972	0.841933	0	
    0.393614	-0.890343	-0.228817	0	
    -11.019	-6.23185	-2.92655	1	


bcl::contact::Types::Enum
  "HELIX_HELIX"
5
8
bcl::math::TransformationMatrix3D
  bcl::linal::Matrix<double>
    4	    4
    0.688887	-0.45315	0.565765	0	
    0.402646	-0.4098	-0.818499	0	
    0.602753	0.791657	-0.0998456	0	
    15.9513	-0.233994	-11.6299	1	


bcl::contact::Types::Enum
  "HELIX_HELIX"
5
2
bcl::math::TransformationMatrix3D
  bcl::linal::Matrix<double>
    4	    4
    0.496896	-0.800881	-0.334189	0	
    0.677291	0.117134	0.72633	0	
    -0.54256	-0.587254	0.600635	0	
    3.70254	-13.5548	5.95143	1	


bcl::contact::Types::Enum
  "HELIX_HELIX"
5
53
bcl::math::TransformationMatrix3D
  bcl::linal::Matrix<double>
    4	    4
    -0.492195	-0.870292	-0.0183582	0	
    -0.825653	0.473423	-0.306867	0	
    0.275755	-0.135881	-0.951577	0	
    13.1018	6.98976	-9.37067	1	


bcl::contact::Types::Enum
  "HELIX_HELIX"
5
49
bcl::math::TransformationMatrix3D
  bcl::linal::Matrix<double>
    4	    4
    0.257185	0.248597	0.933839	0	
    0.962244	0.0232387	-0.271194	0	
    -0.0891191	0.968328	-0.233234	0	
    -11.5404	6.13978	-11.4509	1	


bcl::contact::Types::Enum
  "HELIX_HELIX"
5
8
bcl::math::TransformationMatrix3D
  bcl::linal::Matrix<double>
    4	    4
    -0.685672	-0.71637	-0.129101	0	
    0.720224	-0.641969	-0.262968	0	
    0.105504	-0.273292	0.956127	0	
    11.3606	13.7923	-2.88241	1	


bcl::contact::Types::Enum
  "HELIX_HELIX"
5
24
bcl::math::TransformationMatrix3D
  bcl::linal::Matrix<double>
    4	    4
    0.170829	-0.684151	-0.709052	0	
    -0.0463061	-0.724409	0.687813	0	
    -0.984212	-0.0846658	-0.155431	0	
    -10.2099	5.31382	11.6839	1	


bcl::contact::Types::Enum
  "HELIX_HELIX"
5
14
bcl::math::TransformationMatrix3D
  bcl::linal::Matrix<double>
    4	    4
    -0.994485	-0.0897062	-0.0543284	0	
    -0.0605827	0.914242	-0.400612	0	
    0.0856062	-0.395111	-0.914636	0	
    -4.85804	13.9976	-7.16276	1	


bcl::contact::Types::Enum
  "HELIX_HELIX"
5
15
bcl::math::TransformationMatrix3D
  bcl::linal::Matrix<double>
    4	    4
    0.229612	-0.898234	-0.374769	0	
    -0.581219	0.182312	-0.793061	0	
    0.780681	0.39992	-0.48021	0	
    13.85	15.7369	11.9324	1	


bcl::contact::Types::Enum
  "HELIX_HELIX"
5
15
bcl::math::TransformationMatrix3D
  bcl::linal::Matrix<double>
    4	    4
    -0.723992	0.447212	-0.525204	0	
    -0.532438	-0.846365	0.0132819	0	
    -0.438575	0.289255	0.850872	0	
    -2.17124	-5.04848	16.9131	1	


bcl::contact::Types::Enum
  "HELIX_HELIX"
6
33
bcl::math::TransformationMatrix3D
  bcl::linal::Matrix<double>
    4	    4
    -0.112997	-0.536183	-0.836504	0	
    -0.727584	-0.528688	0.437163	0	
    -0.676649	0.658025	-0.330378	0	
    -3.86907	21.0766	13.2889	1	


bcl::contact::Types::Enum
  "HELIX_HELIX"
6
69
bcl::math::TransformationMatrix3D
  bcl::linal::Matrix<double>
    4	    4
    0.715006	0.613218	0.335752	0	
    0.0483628	-0.522485	0.851276	0	
    0.697443	-0.59243	-0.403237	0	
    -14.219	-6.45876	-2.22877	1	


bcl::contact::Types::Enum
  "HELIX_HELIX"
6
16
bcl::math::TransformationMatrix3D
  bcl::linal::Matrix<double>
    4	    4
    -0.625848	-0.777493	-0.0617828	0	
    0.64597	-0.472323	-0.599694	0	
    0.437077	-0.415228	0.797841	0	
    1.7928	-6.41812	12.1038	1	


bcl::contact::Types::Enum
  "HELIX_HELIX"
6
37
bcl::math::TransformationMatrix3D
  bcl::linal::Matrix<double>
    4	    4
    0.642567	-0.0639415	0.763556	0	
    -0.735033	-0.332893	0.590685	0	
    0.216414	-0.940794	-0.260906	0	
    0.217336	-6.33077	5.78997	1	


bcl::contact::Types::Enum
  "HELIX_HELIX"
6
335
bcl::math::TransformationMatrix3D
  bcl::linal::Matrix<double>
    4	    4
    0.132321	-0.867011	0.480401	0	
    -0.711462	-0.420536	-0.563002	0	
    0.690154	-0.26729	-0.672491	0	
    -2.31903	10.7893	-5.25917	1	


bcl::contact::Types::Enum
  "HELIX_HELIX"
6
106
bcl::math::TransformationMatrix3D
  bcl::linal::Matrix<double>
    4	    4
    0.455692	-0.81609	0.355445	0	
    0.665091	0.046763	-0.745297	0	
    0.591607	0.576029	0.564084	0	
    -6.44057	16.3613	-6.47472	1	


bcl::contact::Types::Enum
  "HELIX_HELIX"
6
23
bcl::math::TransformationMatrix3D
  bcl::linal::Matrix<double>
    4	    4
    0.00749878	-0.0438336	0.999011	0	
    0.768568	0.639381	0.0222854	0	
    -0.639726	0.76764	0.0384837	0	
    1.06653	14.6428	-9.58091	1	


bcl::contact::Types::Enum
  "HELIX_HELIX"
7
236
bcl::math::TransformationMatrix3D
  bcl::linal::Matrix<double>
    4	    4
    0.180823	0.890796	0.416876	0	
    0.979801	-0.126357	-0.154991	0	
    -0.0853901	0.436482	-0.895652	0	
    -8.19126	-8.29244	-0.480614	1	


bcl::contact::Types::Enum
  "HELIX_HELIX"
7
103
bcl::math::TransformationMatrix3D
  bcl::linal::Matrix<double>
    4	    4
    -0.588544	-0.745837	0.312	0	
    -0.730085	0.324547	-0.601369	0	
    0.347265	-0.581718	-0.735533	0	
    5.45788	13.2262	1.8764	1	


bcl::contact::Types::Enum
  "HELIX_HELIX"
7
21
bcl::math::TransformationMatrix3D
  bcl::linal::Matrix<double>
    4	    4
    0.0424604	0.750489	0.659518	0	
    -0.977529	-0.105217	0.182665	0	
    0.206481	-0.652455	0.729156	0	
    -10.6315	-4.78755	-7.78933	1	


bcl::contact::Types::Enum
  "HELIX_HELIX"
7
8
bcl::math::TransformationMatrix3D
  bcl::linal::Matrix<double>
    4	    4
    -0.62439	0.608602	0.489632	0	
    -0.776107	-0.554218	-0.30083	0	
    0.0882784	-0.567843	0.818389	0	
    2.79472	-3.97291	8.4486	1	


bcl::contact::Types::Enum
  "HELIX_HELIX"
7
7
bcl::math::TransformationMatrix3D
  bcl::linal::Matrix<double>
    4	    4
    0.91723	-0.232091	0.323762	0	
    0.398262	0.552069	-0.732535	0	
    -0.00872484	0.800845	0.598807	0	
    12.103	4.78321	19.9815	1	


bcl::contact::Types::Enum
  "HELIX_HELIX"
7
8
bcl::math::TransformationMatrix3D
  bcl::linal::Matrix<double>
    4	    4
    -0.335785	0.941924	-0.00517716	0	
    0.869676	0.312132	0.382411	0	
    0.361818	0.123905	-0.923978	0	
    20.9041	-4.94889	-12.178	1	


bcl::contact::Types::Enum
  "HELIX_HELIX"
7
4
bcl::math::TransformationMatrix3D
  bcl::linal::Matrix<double>
    4	    4
    0.475346	0.74459	-0.468649	0	
    -0.553409	0.66715	0.498649	0	
    0.683947	0.0223235	0.72919	0	
    1.81326	-4.27819	25.7193	1	


bcl::contact::Types::Enum
  "HELIX_HELIX"
7
58
bcl::math::TransformationMatrix3D
  bcl::linal::Matrix<double>
    4	    4
    0.688068	0.128138	0.714243	0	
    0.660605	-0.517909	-0.543481	0	
    0.300272	0.845785	-0.441005	0	
    -14.2795	9.51197	-13.9108	1	


bcl::contact::Types::Enum
  "HELIX_HELIX"
7
35
bcl::math::TransformationMatrix3D
  bcl::linal::Matrix<double>
    4	    4
    0.204755	-0.964259	-0.168167	0	
    0.13931	-0.141348	0.980108	0	
    -0.968849	-0.224109	0.10539	0	
    -8.77374	12.9711	11.1656	1	


bcl::contact::Types::Enum
  "HELIX_HELIX"
7
37
bcl::math::TransformationMatrix3D
  bcl::linal::Matrix<double>
    4	    4
    -0.805096	-0.591777	-0.0402503	0	
    -0.560524	0.781261	-0.274671	0	
    0.193991	-0.198575	-0.960695	0	
    20.4209	2.67583	2.23896	1	


bcl::contact::Types::Enum
  "HELIX_HELIX"
7
64
bcl::math::TransformationMatrix3D
  bcl::linal::Matrix<double>
    4	    4
    0.277542	-0.610415	0.741865	0	
    -0.654445	-0.685448	-0.319159	0	
    0.703329	-0.39693	-0.589724	0	
    8.39161	9.53529	-12.6621	1	


bcl::contact::Types::Enum
  "HELIX_HELIX"
8
2
bcl::math::TransformationMatrix3D
  bcl::linal::Matrix<double>
    4	    4
    -0.280748	-0.630353	-0.723765	0	
    -0.925796	-0.0210393	0.377439	0	
    -0.253147	0.776024	-0.577671	0	
    -14.306	25.0965	13.1754	1	


bcl::contact::Types::Enum
  "HELIX_HELIX"
8
57
bcl::math::TransformationMatrix3D
  bcl::linal::Matrix<double>
    4	    4
    -0.802065	-0.563054	-0.199155	0	
    -0.159858	0.523688	-0.836778	0	
    0.575446	-0.639312	-0.510041	0	
    19.2137	10.004	-4.7234	1	


bcl::contact::Types::Enum
  "HELIX_HELIX"
8
19
bcl::math::TransformationMatrix3D
  bcl::linal::Matrix<double>
    4	    4
    -0.608956	0.358067	-0.707785	0	
    -0.782213	-0.419112	0.460965	0	
    -0.131585	0.834346	0.535305	0	
    -10.1044	16.659	-5.28607	1	


bcl::contact::Types::Enum
  "HELIX_HELIX"
8
24
bcl::math::TransformationMatrix3D
  bcl::linal::Matrix<double>
    4	    4
    0.520284	-0.757953	-0.393462	0	
    -0.354914	-0.610969	0.70764	0	
    -0.77675	-0.228528	-0.586885	0	
    -13.6156	17.9048	2.55103	1	


bcl::contact::Types::Enum
  "HELIX_HELIX"
8
25
bcl::math::TransformationMatrix3D
  bcl::linal::Matrix<double>
    4	    4
    -0.190726	-0.48568	-0.853076	0	
    -0.975315	0.19227	0.108591	0	
    0.11128	0.852729	-0.510362	0	
    -2.86198	18.5046	14.8975	1	


bcl::contact::Types::Enum
  "HELIX_HELIX"
8
4
bcl::math::TransformationMatrix3D
  bcl::linal::Matrix<double>
    4	    4
    0.00312787	-0.999968	0.00732715	0	
    -0.461649	-0.00794382	-0.887027	0	
    0.887057	-0.000607992	-0.461659	0	
    17.631	-8.2276	-14.8436	1	


bcl::contact::Types::Enum
  "HELIX_HELIX"
8
15
bcl::math::TransformationMatrix3D
  bcl::linal::Matrix<double>
    4	    4
    -0.413784	-0.258803	0.872814	0	
    -0.173361	-0.918796	-0.354625	0	
    0.893716	-0.298049	0.335318	0	
    4.6804	-3.40245	6.90911	1	


bcl::contact::Types::Enum
  "HELIX_HELIX"
8
153
bcl::math::TransformationMatrix3D
  bcl::linal::Matrix<double>
    4	    4
    -0.82773	0.51512	0.222517	0	
    0.467125	0.852285	-0.235383	0	
    -0.310899	-0.0908898	-0.946087	0	
    5.7623	-9.24441	-2.87346	1	


bcl::contact::Types::Enum
  "HELIX_HELIX"
8
60
bcl::math::TransformationMatrix3D
  bcl::linal::Matrix<double>
    4	    4
    0.19841	0.0567478	0.978474	0	
    -0.964214	-0.167819	0.205253	0	
    0.175855	-0.984183	0.0214201	0	
    -8.57612	-1.77559	-13.4791	1	


bcl::contact::Types::Enum
  "HELIX_HELIX"
8
90
bcl::math::TransformationMatrix3D
  bcl::linal::Matrix<double>
    4	    4
    -0.678012	-0.600597	0.423773	0	
    -0.455025	-0.109836	-0.883678	0	
    0.57728	-0.791972	-0.198818	0	
    6.89134	9.93732	-6.24905	1	


bcl::contact::Types::Enum
  "HELIX_HELIX"
8
55
bcl::math::TransformationMatrix3D
  bcl::linal::Matrix<double>
    4	    4
    0.551693	0.765019	-0.332234	0	
    0.640537	-0.64375	-0.418685	0	
    -0.534179	0.018177	-0.845176	0	
    -7.70587	-12.3621	6.87634	1	


bcl::contact::Types::Enum
  "HELIX_HELIX"
8
6
bcl::math::TransformationMatrix3D
  bcl::linal::Matrix<double>
    4	    4
    0.939664	-0.0791938	-0.33281	0	
    0.0202012	0.983984	-0.177107	0	
    0.341505	0.159698	0.926213	0	
    0.871411	1.6249	15.5489	1	


bcl::contact::Types::Enum
  "HELIX_HELIX"
9
10
bcl::math::TransformationMatrix3D
  bcl::linal::Matrix<double>
    4	    4
    0.79746	0.451665	0.400072	0	
    0.445386	0.00666831	-0.895314	0	
    -0.407049	0.892162	-0.195847	0	
    -18.0708	11.584	-19.2995	1	


bcl::contact::Types::Enum
  "HELIX_HELIX"
9
2
bcl::math::TransformationMatrix3D
  bcl::linal::Matrix<double>
    4	    4
    -0.637838	-0.72149	-0.269475	0	
    0.435938	-0.626656	0.645957	0	
    -0.634918	0.29454	0.71423	0	
    29.1287	2.05654	-6.73405	1	


bcl::contact::Types::Enum
  "HELIX_HELIX"
9
10
bcl::math::TransformationMatrix3D
  bcl::linal::Matrix<double>
    4	    4
    -0.335948	-0.936839	0.097319	0	
    0.10347	0.0659916	0.992441	0	
    -0.93618	0.343479	0.074765	0	
    -9.46303	11.9503	23.5905	1	


bcl::contact::Types::Enum
  "HELIX_HELIX"
9
32
bcl::math::TransformationMatrix3D
  bcl::linal::Matrix<double>
    4	    4
    0.997003	-0.0605216	0.0481825	0	
    -0.0706348	-0.96619	0.247968	0	
    0.0315452	-0.250627	-0.967569	0	
    -18.1855	0.354043	6.52332	1	


bcl::contact::Types::Enum
  "HELIX_HELIX"
9
53
bcl::math::TransformationMatrix3D
  bcl::linal::Matrix<double>
    4	    4
    -0.135742	-0.598667	0.789412	0	
    -0.338301	-0.720888	-0.604873	0	
    0.931196	-0.349166	-0.104675	0	
    4.51212	12.1477	-12.6254	1	


bcl::contact::Types::Enum
  "HELIX_HELIX"
9
8
bcl::math::TransformationMatrix3D
  bcl::linal::Matrix<double>
    4	    4
    -0.503338	0.862458	0.0530756	0	
    -0.854608	-0.487799	-0.178041	0	
    -0.127663	-0.134974	0.982591	0	
    7.73961	14.4611	1.66274	1	


bcl::contact::Types::Enum
  "HELIX_HELIX"
9
27
bcl::math::TransformationMatrix3D
  bcl::linal::Matrix<double>
    4	    4
    -0.214791	-0.853861	0.474116	0	
    -0.955845	0.283472	0.0774861	0	
    -0.20056	-0.436538	-0.877045	0	
    6.06428	9.74204	-20.1497	1	


bcl::contact::Types::Enum
  "HELIX_HELIX"
9
30
bcl::math::TransformationMatrix3D
  bcl::linal::Matrix<double>
    4	    4
    -0.755481	0.642348	0.128985	0	
    -0.533214	-0.488423	-0.690742	0	
    -0.380697	-0.590619	0.711504	0	
    23.3397	-1.2789	-1.17834	1	


bcl::contact::Types::Enum
  "HELIX_HELIX"
9
27
bcl::math::TransformationMatrix3D
  bcl::linal::Matrix<double>
    4	    4
    0.197292	0.977325	-0.0768839	0	
    0.0374944	-0.0858915	-0.995599	0	
    -0.979627	0.193541	-0.0535899	0	
    -7.28155	-18.328	-5.76433	1	


bcl::contact::Types::Enum
  "HELIX_HELIX"
9
8
bcl::math::TransformationMatrix3D
  bcl::linal::Matrix<double>
    4	    4
    0.945018	-0.163447	-0.283241	0	
    0.117627	0.978059	-0.171943	0	
    0.30513	0.129173	0.94351	0	
    -7.47098	17.0364	12.9162	1	


bcl::contact::Types::Enum
  "HELIX_HELIX"
9
24
bcl::math::TransformationMatrix3D
  bcl::linal::Matrix<double>
    4	    4
    0.701641	-0.704976	-0.103471	0	
    -0.712487	-0.695755	-0.0910346	0	
    -0.00781352	0.137596	-0.990458	0	
    9.44157	-0.222652	-3.62185	1	


bcl::contact::Types::Enum
  "HELIX_HELIX"
9
114
bcl::math::TransformationMatrix3D
  bcl::linal::Matrix<double>
    4	    4
    0.956035	-0.20982	0.204874	0	
    -0.0817887	-0.86168	-0.500818	0	
    0.281617	0.462043	-0.840956	0	
    -8.66813	7.01368	-1.6388	1	


bcl::contact::Types::Enum
  "HELIX_HELIX"
9
30
bcl::math::TransformationMatrix3D
  bcl::linal::Matrix<double>
    4	    4
    -0.920856	-0.0452787	-0.387265	0	
    0.0577642	0.966431	-0.250348	0	
    0.3856	-0.252905	-0.887328	0	
    13.0543	5.97586	-5.60784	1	


bcl::contact::Types::Enum
  "HELIX_HELIX"
9
2
bcl::math::TransformationMatrix3D
  bcl::linal::Matrix<double>
    4	    4
    -0.121637	-0.708262	0.695392	0	
    0.991872	-0.0603642	0.112014	0	
    -0.0373594	0.703364	0.709847	0	
    8.34671	0.334691	-3.22882	1	


bcl::contact::Types::Enum
  "HELIX_HELIX"
9
9
bcl::math::TransformationMatrix3D
  bcl::linal::Matrix<double>
    4	    4
    0.39522	0.218106	0.892318	0	
    0.0741587	0.960657	-0.267655	0	
    -0.915589	0.171955	0.363496	0	
    0.0361743	-3.66132	14.5415	1	


bcl::contact::Types::Enum
  "HELIX_HELIX"
10
13
bcl::math::TransformationMatrix3D
  bcl::linal::Matrix<double>
    4	    4
    0.0450537	-0.872539	0.486463	0	
    -0.520511	-0.436136	-0.734065	0	
    0.852666	-0.220138	-0.473816	0	
    -0.141049	26.6357	-16.9689	1	


bcl::contact::Types::Enum
  "HELIX_HELIX"
10
1
bcl::math::TransformationMatrix3D
  bcl::linal::Matrix<double>
    4	    4
    0.0989315	0.485165	-0.868808	0	
    -0.950177	-0.213299	-0.227309	0	
    -0.295597	0.848009	0.43989	0	
    -27.0379	10.3231	20.3406	1	


bcl::contact::Types::Enum
  "HELIX_HELIX"
10
4
bcl::math::TransformationMatrix3D
  bcl::linal::Matrix<double>
    4	    4
    -0.574935	0.707153	-0.411563	0	
    0.271615	-0.309531	-0.911271	0	
    -0.7718	-0.635709	-0.0141136	0	
    -5.34004	-14.5018	23.3868	1	


bcl::contact::Types::Enum
  "HELIX_HELIX"
10
22
bcl::math::TransformationMatrix3D
  bcl::linal::Matrix<double>
    4	    4
    0.621508	0.772247	-0.131768	0	
    0.647789	-0.412003	0.640799	0	
    0.440566	-0.48362	-0.756315	0	
    -8.06427	-10.1482	16.457	1	


bcl::contact::Types::Enum
  "HELIX_HELIX"
10
14
bcl::math::TransformationMatrix3D
  bcl::linal::Matrix<double>
    4	    4
    0.614372	0.719214	0.324466	0	
    0.664317	-0.693389	0.279096	0	
    0.425709	0.0440799	-0.903786	0	
    4.10584	-20.6875	-9.74633	1	


bcl::contact::Types::Enum
  "HELIX_HELIX"
10
4
bcl::math::TransformationMatrix3D
  bcl::linal::Matrix<double>
    4	    4
    -0.214696	-0.360708	0.907632	0	
    0.862456	0.366088	0.3495	0	
    -0.45834	0.857828	0.232498	0	
    9.91634	17.0088	15.5755	1	


bcl::contact::Types::Enum
  "HELIX_HELIX"
10
49
bcl::math::TransformationMatrix3D
  bcl::linal::Matrix<double>
    4	    4
    0.0675207	-0.41449	0.907546	0	
    0.0979666	-0.902472	-0.419462	0	
    0.992896	0.117232	-0.0203291	0	
    0.633954	16.8564	-16.2427	1	


bcl::contact::Types::Enum
  "HELIX_HELIX"
10
14
bcl::math::TransformationMatrix3D
  bcl::linal::Matrix<double>
    4	    4
    0.159944	-0.59579	0.787053	0	
    0.432689	0.758954	0.486589	0	
    -0.887242	0.262722	0.379182	0	
    14.6634	5.60562	-16.3614	1	


bcl::contact::Types::Enum
  "HELIX_HELIX"
10
56
bcl::math::TransformationMatrix3D
  bcl::linal::Matrix<double>
    4	    4
    0.451065	-0.839817	0.302075	0	
    0.882827	0.469522	-0.0129082	0	
    -0.130991	0.272503	0.953197	0	
    -19.3385	0.508762	-4.09164	1	


bcl::contact::Types::Enum
  "HELIX_HELIX"
10
21
bcl::math::TransformationMatrix3D
  bcl::linal::Matrix<double>
    4	    4
    0.655181	0.755469	0.00227543	0	
    -0.26804	0.22964	0.935639	0	
    0.706324	-0.613623	0.352953	0	
    -7.56052	-4.78253	-12.5865	1	


bcl::contact::Types::Enum
  "HELIX_HELIX"
10
13
bcl::math::TransformationMatrix3D
  bcl::linal::Matrix<double>
    4	    4
    0.979243	-0.0700383	-0.190202	0	
    -0.164442	-0.823132	-0.543519	0	
    -0.118496	0.563514	-0.817564	0	
    -12.5136	1.28544	-12.5932	1	


bcl::contact::Types::Enum
  "HELIX_HELIX"
10
73
bcl::math::TransformationMatrix3D
  bcl::linal::Matrix<double>
    4	    4
    0.512806	0.411521	0.753446	0	
    0.659463	-0.750735	-0.0387978	0	
    0.549672	0.516765	-0.656365	0	
    -8.11168	6.37016	-6.19493	1	


bcl::contact::Types::Enum
  "HELIX_HELIX"
10
7
bcl::math::TransformationMatrix3D
  bcl::linal::Matrix<double>
    4	    4
    -0.19431	0.169283	0.966223	0	
    -0.963688	-0.216864	-0.155805	0	
    0.183163	-0.961412	0.205274	0	
    1.59971	-5.34159	6.35367	1	


bcl::contact::Types::Enum
  "HELIX_HELIX"
10
78
bcl::math::TransformationMatrix3D
  bcl::linal::Matrix<double>
    4	    4
    -0.612395	-0.53413	0.582818	0	
    -0.669003	0.742932	-0.022086	0	
    -0.421198	-0.403431	-0.812302	0	
    4.12824	12.7382	3.43951	1	


bcl::contact::Types::Enum
  "HELIX_HELIX"
10
4
bcl::math::TransformationMatrix3D
  bcl::linal::Matrix<double>
    4	    4
    0.672893	-0.0566631	0.737566	0	
    0.0456487	0.998342	0.0350515	0	
    -0.73833	0.0100829	0.674365	0	
    -0.549777	7.2013	-0.719087	1	


bcl::contact::Types::Enum
  "HELIX_HELIX"
11
1
bcl::math::TransformationMatrix3D
  bcl::linal::Matrix<double>
    4	    4
    -0.374988	-0.867895	-0.325794	0	
    -0.219892	0.424682	-0.878232	0	
    0.900573	-0.257687	-0.350094	0	
    11.5977	34.6084	11.3389	1	


bcl::contact::Types::Enum
  "HELIX_HELIX"
11
28
bcl::math::TransformationMatrix3D
  bcl::linal::Matrix<double>
    4	    4
    -0.861856	0.277985	-0.424178	0	
    0.434616	0.835886	-0.335266	0	
    0.261366	-0.473306	-0.841231	0	
    10.3407	2.12546	16.7069	1	


bcl::contact::Types::Enum
  "HELIX_HELIX"
11
95
bcl::math::TransformationMatrix3D
  bcl::linal::Matrix<double>
    4	    4
    0.621182	-0.470905	0.626403	0	
    0.140956	0.853426	0.501791	0	
    -0.770885	-0.223408	0.596511	0	
    -7.70948	10.3868	-17.7478	1	


bcl::contact::Types::Enum
  "HELIX_HELIX"
11
35
bcl::math::TransformationMatrix3D
  bcl::linal::Matrix<double>
    4	    4
    0.546888	-0.778966	0.306798	0	
    0.060934	-0.328449	-0.942554	0	
    0.834985	0.534167	-0.13216	0	
    -11.0589	24.7451	-1.36472	1	


bcl::contact::Types::Enum
  "HELIX_HELIX"
11
165
bcl::math::TransformationMatrix3D
  bcl::linal::Matrix<double>
    4	    4
    0.394754	-0.653294	0.646047	0	
    -0.627849	-0.705174	-0.329451	0	
    0.670804	-0.275567	-0.68854	0	
    -5.34018	11.7763	-0.650462	1	


bcl::contact::Types::Enum
  "HELIX_HELIX"
11
8
bcl::math::TransformationMatrix3D
  bcl::linal::Matrix<double>
    4	    4
    0.0114675	-0.422359	0.906356	0	
    -0.85394	0.467452	0.228636	0	
    -0.520244	-0.776596	-0.355309	0	
    -3.5539	-6.41281	2.35556	1	


bcl::contact::Types::Enum
  "HELIX_HELIX"
12
15
bcl::math::TransformationMatrix3D
  bcl::linal::Matrix<double>
    4	    4
    -0.71648	-0.530169	0.453407	0	
    0.207519	-0.782499	-0.587052	0	
    0.666027	-0.326521	0.670666	0	
    27.7801	13.5322	3.62698	1	


bcl::contact::Types::Enum
  "HELIX_HELIX"
12
14
bcl::math::TransformationMatrix3D
  bcl::linal::Matrix<double>
    4	    4
    0.98528	0.16329	0.0505855	0	
    -0.0108266	-0.235713	0.971761	0	
    0.170603	-0.958006	-0.230476	0	
    -27.2062	4.77752	1.04051	1	


bcl::contact::Types::Enum
  "HELIX_HELIX"
12
135
bcl::math::TransformationMatrix3D
  bcl::linal::Matrix<double>
    4	    4
    -0.292108	-0.740665	0.605053	0	
    0.901346	-0.00167859	0.433097	0	
    -0.319764	0.671873	0.668084	0	
    2.49659	16.1185	-15.0841	1	


bcl::contact::Types::Enum
  "HELIX_HELIX"
12
3
bcl::math::TransformationMatrix3D
  bcl::linal::Matrix<double>
    4	    4
    -0.676281	-0.715211	0.176399	0	
    0.0881758	-0.316337	-0.94454	0	
    0.731346	-0.623221	0.276997	0	
    5.74374	-6.13632	14.6115	1	


bcl::contact::Types::Enum
  "HELIX_HELIX"
12
133
bcl::math::TransformationMatrix3D
  bcl::linal::Matrix<double>
    4	    4
    0.0719482	-0.997325	0.0128547	0	
    -0.963741	-0.0728339	-0.256708	0	
    0.256958	0.00608063	-0.966403	0	
    4.09917	11.6621	-1.67627	1	


bcl::contact::Types::Enum
  "HELIX_HELIX"
12
3
bcl::math::TransformationMatrix3D
  bcl::linal::Matrix<double>
    4	    4
    0.483473	-0.86713	-0.119742	0	
    -0.047533	-0.162595	0.985547	0	
    -0.874067	-0.470794	-0.119828	0	
    -7.81294	2.8751	2.18307	1	


bcl::contact::Types::Enum
  "HELIX_HELIX"
13
11
bcl::math::TransformationMatrix3D
  bcl::linal::Matrix<double>
    4	    4
    -0.160965	0.597463	0.785575	0	
    -0.923889	-0.371189	0.0929998	0	
    0.347159	-0.710815	0.611738	0	
    31.8324	-1.00643	-15.258	1	


bcl::contact::Types::Enum
  "HELIX_HELIX"
13
2
bcl::math::TransformationMatrix3D
  bcl::linal::Matrix<double>
    4	    4
    0.896168	-0.243839	-0.370711	0	
    -0.369594	-0.872515	-0.319562	0	
    -0.245529	0.423393	-0.87204	0	
    -23.1345	15.1852	24.7135	1	


bcl::contact::Types::Enum
  "HELIX_HELIX"
13
83
bcl::math::TransformationMatrix3D
  bcl::linal::Matrix<double>
    4	    4
    0.640013	0.430789	0.636243	0	
    -0.745908	0.547069	0.379917	0	
    -0.184404	-0.71773	0.67146	0	
    -7.19669	10.8678	-18.5382	1	


bcl::contact::Types::Enum
  "HELIX_HELIX"
13
19
bcl::math::TransformationMatrix3D
  bcl::linal::Matrix<double>
    4	    4
    -0.27544	-0.673882	0.685577	0	
    0.90853	0.0505924	0.414744	0	
    -0.314174	0.737105	0.598308	0	
    21.4719	-6.41072	-15.4456	1	


bcl::contact::Types::Enum
  "HELIX_HELIX"
13
49
bcl::math::TransformationMatrix3D
  bcl::linal::Matrix<double>
    4	    4
    -0.442198	-0.593564	0.672414	0	
    -0.471259	0.791631	0.388889	0	
    -0.763136	-0.144915	-0.629781	0	
    7.84643	13.6269	-4.59077	1	


bcl::contact::Types::Enum
  "HELIX_HELIX"
13
90
bcl::math::TransformationMatrix3D
  bcl::linal::Matrix<double>
    4	    4
    0.850201	0.517759	0.0953131	0	
    0.525928	-0.827187	-0.197894	0	
    -0.02362	0.218377	-0.975579	0	
    -5.70859	-9.91929	-2.25638	1	


bcl::contact::Types::Enum
  "HELIX_HELIX"
14
5
bcl::math::TransformationMatrix3D
  bcl::linal::Matrix<double>
    4	    4
    -0.805847	0.571848	-0.153623	0	
    0.43868	0.40232	-0.803554	0	
    -0.397706	-0.714932	-0.575066	0	
    17.2407	11.4315	25.0094	1	


bcl::contact::Types::Enum
  "HELIX_HELIX"
14
13
bcl::math::TransformationMatrix3D
  bcl::linal::Matrix<double>
    4	    4
    0.750098	-0.378061	0.542607	0	
    0.320085	-0.51043	-0.798127	0	
    0.578704	0.772354	-0.26186	0	
    -19.0415	9.96309	-25.0118	1	


bcl::contact::Types::Enum
  "HELIX_HELIX"
14
2
bcl::math::TransformationMatrix3D
  bcl::linal::Matrix<double>
    4	    4
    0.0126119	0.693236	0.720602	0	
    0.278832	-0.69451	0.663256	0	
    0.960257	0.192561	-0.202055	0	
    39.1662	13.4765	4.98745	1	


bcl::contact::Types::Enum
  "HELIX_HELIX"
14
54
bcl::math::TransformationMatrix3D
  bcl::linal::Matrix<double>
    4	    4
    -0.52214	-0.0726137	0.849763	0	
    0.154251	-0.987977	0.0103553	0	
    0.838794	0.136485	0.527064	0	
    6.97315	15.0254	-21.0097	1	


bcl::contact::Types::Enum
  "HELIX_HELIX"
14
50
bcl::math::TransformationMatrix3D
  bcl::linal::Matrix<double>
    4	    4
    0.330184	0.880077	0.341235	0	
    -0.940383	0.337954	0.0383154	0	
    -0.0816016	-0.333543	0.939197	0	
    -8.26018	-3.30329	-17.222	1	


bcl::contact::Types::Enum
  "HELIX_HELIX"
14
60
bcl::math::TransformationMatrix3D
  bcl::linal::Matrix<double>
    4	    4
    -0.217229	0.545052	-0.809771	0	
    0.917991	0.396081	0.0203391	0	
    0.331821	-0.738945	-0.586394	0	
    10.8486	5.33795	-7.93584	1	


bcl::contact::Types::Enum
  "HELIX_HELIX"
14
43
bcl::math::TransformationMatrix3D
  bcl::linal::Matrix<double>
    4	    4
    -0.964839	0.10334	-0.241671	0	
    0.00438486	0.925666	0.378316	0	
    0.262801	0.363955	-0.893573	0	
    10.1327	5.52791	3.32041	1	


bcl::contact::Types::Enum
  "HELIX_HELIX"
15
1
bcl::math::TransformationMatrix3D
  bcl::linal::Matrix<double>
    4	    4
    -0.201838	-0.923158	-0.327172	0	
    -0.978392	0.205329	0.0242247	0	
    0.0448143	0.324992	-0.944654	0	
    -6.13453	44.3605	17.6809	1	


bcl::contact::Types::Enum
  "HELIX_HELIX"
15
102
bcl::math::TransformationMatrix3D
  bcl::linal::Matrix<double>
    4	    4
    -0.18063	0.672001	0.718183	0	
    0.974795	0.219529	0.0397572	0	
    -0.130945	0.707264	-0.694718	0	
    -6.08845	-10.7926	-4.4448	1	


bcl::contact::Types::Enum
  "HELIX_HELIX"
15
7
bcl::math::TransformationMatrix3D
  bcl::linal::Matrix<double>
    4	    4
    -0.41327	-0.841903	0.346995	0	
    0.910471	-0.375396	0.173556	0	
    -0.015857	0.387655	0.921668	0	
    -10.3324	4.98758	9.88373	1	


bcl::contact::Types::Enum
  "HELIX_HELIX"
15
55
bcl::math::TransformationMatrix3D
  bcl::linal::Matrix<double>
    4	    4
    0.651147	-0.474432	-0.592387	0	
    0.698773	0.679371	0.223989	0	
    0.296182	-0.559794	0.773891	0	
    -15.0882	11.3051	-11.3343	1	


bcl::contact::Types::Enum
  "HELIX_HELIX"
15
4
bcl::math::TransformationMatrix3D
  bcl::linal::Matrix<double>
    4	    4
    -0.48625	-0.838502	-0.245917	0	
    0.872816	-0.479552	-0.090685	0	
    -0.0418896	-0.258735	0.96504	0	
    12.492	-16.8428	9.06755	1	


bcl::contact::Types::Enum
  "HELIX_HELIX"
15
23
bcl::math::TransformationMatrix3D
  bcl::linal::Matrix<double>
    4	    4
    0.370978	-0.873529	-0.315154	0	
    0.717017	0.0537726	0.694979	0	
    -0.590137	-0.483792	0.646284	0	
    14.2066	20.7439	-20.104	1	


bcl::contact::Types::Enum
  "HELIX_HELIX"
15
1
bcl::math::TransformationMatrix3D
  bcl::linal::Matrix<double>
    4	    4
    0.172502	0.985009	0.000228432	0	
    -0.966894	0.169285	0.190942	0	
    0.188041	-0.0331587	0.981601	0	
    15.0308	21.6504	16.4079	1	


bcl::contact::Types::Enum
  "HELIX_HELIX"
15
3
bcl::math::TransformationMatrix3D
  bcl::linal::Matrix<double>
    4	    4
    0.0509639	0.477286	-0.877269	0	
    0.85764	-0.470998	-0.206427	0	
    -0.511717	-0.741861	-0.433345	0	
    24.7128	-28.4462	6.91072	1	


bcl::contact::Types::Enum
  "HELIX_HELIX"
16
60
bcl::math::TransformationMatrix3D
  bcl::linal::Matrix<double>
    4	    4
    0.532482	-0.787262	-0.310939	0	
    0.835622	0.430374	0.341342	0	
    -0.134905	-0.441585	0.887019	0	
    -14.2668	15.2668	-8.11796	1	


bcl::contact::Types::Enum
  "HELIX_HELIX"
16
110
bcl::math::TransformationMatrix3D
  bcl::linal::Matrix<double>
    4	    4
    -0.54532	-0.709516	0.446336	0	
    -0.837865	0.44573	-0.315128	0	
    0.0246423	-0.545814	-0.837545	0	
    13.2137	2.58795	-2.0313	1	


bcl::contact::Types::Enum
  "HELIX_HELIX"
16
25
bcl::math::TransformationMatrix3D
  bcl::linal::Matrix<double>
    4	    4
    0.0870015	-0.79056	-0.606174	0	
    -0.225684	0.57702	-0.78493	0	
    0.970308	0.205093	-0.128215	0	
    -2.62783	30.6739	12.5031	1	


bcl::contact::Types::Enum
  "HELIX_HELIX"
16
3
bcl::math::TransformationMatrix3D
  bcl::linal::Matrix<double>
    4	    4
    -0.0195076	-0.978741	-0.204169	0	
    0.316466	0.187663	-0.929856	0	
    0.948404	-0.0827513	0.306077	0	
    -36.7744	10.238	14.5705	1	


bcl::contact::Types::Enum
  "HELIX_HELIX"
17
4
bcl::math::TransformationMatrix3D
  bcl::linal::Matrix<double>
    4	    4
    -0.459264	0.132431	0.878372	0	
    0.570075	0.802275	0.17711	0	
    -0.681242	0.582078	-0.443953	0	
    -26.8685	10.8698	-37.854	1	


bcl::contact::Types::Enum
  "HELIX_HELIX"
17
6
bcl::math::TransformationMatrix3D
  bcl::linal::Matrix<double>
    4	    4
    -0.029891	-0.999543	-0.00445289	0	
    -0.534648	0.0122242	0.844985	0	
    -0.844546	0.0276387	-0.53477	0	
    -2.63374	34.0824	-16.575	1	


bcl::contact::Types::Enum
  "HELIX_HELIX"
17
59
bcl::math::TransformationMatrix3D
  bcl::linal::Matrix<double>
    4	    4
    -0.743797	0.625124	-0.236611	0	
    -0.306997	-0.00505788	0.951697	0	
    0.593732	0.780508	0.195673	0	
    11.6143	-6.10428	-21.3069	1	


bcl::contact::Types::Enum
  "HELIX_HELIX"
17
21
bcl::math::TransformationMatrix3D
  bcl::linal::Matrix<double>
    4	    4
    0.727564	-0.348852	-0.590723	0	
    -0.59775	0.100206	-0.795396	0	
    0.336669	0.931805	-0.135621	0	
    -20.6876	-16.9644	-8.05792	1	


bcl::contact::Types::Enum
  "HELIX_HELIX"
17
62
bcl::math::TransformationMatrix3D
  bcl::linal::Matrix<double>
    4	    4
    0.352618	0.729094	0.586585	0	
    0.921506	-0.379574	-0.0821623	0	
    0.162748	0.569513	-0.80571	0	
    -0.206393	-14.2161	-2.92072	1	


bcl::contact::Types::Enum
  "HELIX_HELIX"
18
11
bcl::math::TransformationMatrix3D
  bcl::linal::Matrix<double>
    4	    4
    0.869442	-0.447682	-0.208934	0	
    -0.447855	-0.535678	-0.715874	0	
    0.208561	0.715982	-0.666237	0	
    -30.7914	18.3523	0.38036	1	


bcl::contact::Types::Enum
  "HELIX_HELIX"
18
3
bcl::math::TransformationMatrix3D
  bcl::linal::Matrix<double>
    4	    4
    0.0708305	-0.863416	0.499495	0	
    0.682627	-0.32317	-0.655425	0	
    0.727327	0.387392	0.566501	0	
    18.1986	35.0681	8.95882	1	


bcl::contact::Types::Enum
  "HELIX_HELIX"
18
67
bcl::math::TransformationMatrix3D
  bcl::linal::Matrix<double>
    4	    4
    0.095799	0.913365	-0.395712	0	
    -0.768302	0.320605	0.554008	0	
    0.632878	0.250953	0.732453	0	
    10.5905	-18.2351	-11.9549	1	


bcl::contact::Types::Enum
  "HELIX_HELIX"
18
56
bcl::math::TransformationMatrix3D
  bcl::linal::Matrix<double>
    4	    4
    -0.307134	0.943151	-0.127026	0	
    0.525192	0.27929	0.803847	0	
    0.793626	0.180176	-0.581115	0	
