   1 M U   0.951  0.025  0.025
   2 A U   0.919  0.029  0.051
   3 N U   0.782  0.104  0.114
   4 N U   0.821  0.076  0.103
   5 T U   0.823  0.059  0.118
   6 T U   0.791  0.096  0.113
   7 G U   0.711  0.234  0.055
   8 F U   0.450  0.366  0.184
   9 T H   0.098  0.698  0.204
  10 R H   0.077  0.769  0.154
  11 I H   0.057  0.800  0.143
  12 I H   0.016  0.863  0.121
  13 K H   0.147  0.568  0.284
  14 A H   0.175  0.769  0.056
  15 A H   0.156  0.813  0.031
  16 G H   0.175  0.814  0.011
  17 Y H   0.159  0.745  0.096
  18 S H   0.060  0.829  0.111
  19 W H   0.118  0.872  0.010
  20 K H   0.041  0.950  0.010
  21 G H   0.100  0.849  0.051
  22 L H   0.017  0.935  0.048
  23 R H   0.048  0.909  0.043
  24 A H   0.050  0.903  0.047
  25 A H   0.080  0.888  0.032
  26 W H   0.100  0.880  0.020
  27 I H   0.130  0.840  0.030
  28 N H   0.442  0.542  0.016
  29 E H   0.310  0.635  0.055
  30 A H   0.278  0.662  0.060
  31 A H   0.299  0.652  0.049
  32 F H   0.281  0.673  0.046
  33 R H   0.402  0.552  0.046
  34 Q H   0.046  0.929  0.025
  35 E H   0.075  0.882  0.043
  36 G H   0.060  0.860  0.080
  37 V H   0.025  0.848  0.126
  38 A H   0.032  0.899  0.069
  39 V H   0.077  0.889  0.034
  40 L H   0.069  0.883  0.048
  41 L H   0.041  0.885  0.075
  42 A H   0.080  0.762  0.159
  43 V H   0.247  0.392  0.361
  44 V H   0.217  0.408  0.375
  45 I H   0.279  0.466  0.255
  46 A H   0.327  0.368  0.305
  47 C U   0.460  0.231  0.309
  48 W S   0.330  0.268  0.402
  49 L S   0.442  0.065  0.493
  50 D U   0.488  0.069  0.443
  51 V U   0.466  0.477  0.057
  52 D U   0.761  0.116  0.123
  53 A U   0.611  0.309  0.080
  54 I U   0.529  0.326  0.145
  55 T H   0.327  0.506  0.166
  56 R H   0.250  0.583  0.167
  57 V U   0.448  0.286  0.265
  58 L S   0.283  0.267  0.450
  59 L S   0.263  0.337  0.400
  60 I H   0.288  0.410  0.302
  61 S H   0.359  0.454  0.187
  62 S H   0.412  0.337  0.251
  63 V H   0.167  0.626  0.207
  64 M H   0.390  0.371  0.238
  65 L H   0.294  0.530  0.176
  66 V H   0.133  0.536  0.331
  67 M H   0.111  0.704  0.185
  68 I H   0.250  0.268  0.483
  69 V H   0.065  0.715  0.220
  70 E H   0.151  0.502  0.347
  71 I H   0.130  0.799  0.071
  72 L H   0.298  0.660  0.042
  73 N H   0.407  0.527  0.066
  74 S H   0.646  0.279  0.075
  75 A H   0.436  0.538  0.026
  76 I H   0.157  0.814  0.029
  77 E H   0.077  0.892  0.030
  78 A H   0.102  0.835  0.062
  79 V H   0.164  0.734  0.102
  80 V H   0.120  0.753  0.127
  81 D H   0.138  0.666  0.196
  82 R U   0.455  0.390  0.155
  83 I U   0.594  0.235  0.170
  84 G U   0.645  0.181  0.174
  85 S H   0.381  0.528  0.092
  86 E H   0.295  0.645  0.061
  87 Y H   0.318  0.615  0.067
  88 H H   0.263  0.636  0.101
  89 E H   0.141  0.815  0.044
  90 L H   0.245  0.711  0.045
  91 S H   0.193  0.740  0.067
  92 G H   0.447  0.468  0.084
  93 R U   0.477  0.396  0.127
  94 A U   0.463  0.353  0.184
  95 K U   0.515  0.362  0.123
  96 D U   0.494  0.412  0.094
  97 M H   0.199  0.766  0.035
  98 G H   0.474  0.494  0.032
  99 S H   0.287  0.624  0.089
 100 A H   0.057  0.841  0.102
 101 A H   0.064  0.850  0.085
 102 V H   0.146  0.684  0.171
 103 L H   0.211  0.517  0.272
 104 I H   0.040  0.889  0.071
 105 A H   0.076  0.815  0.108
 106 I H   0.175  0.757  0.068
 107 I H   0.098  0.819  0.083
 108 V H   0.049  0.881  0.070
 109 A H   0.242  0.705  0.052
 110 V H   0.325  0.596  0.079
 111 I H   0.062  0.829  0.109
 112 T H   0.270  0.627  0.103
 113 W S   0.042  0.411  0.547
 114 C S   0.026  0.248  0.726
 115 I S   0.025  0.521  0.454
 116 L S   0.023  0.343  0.634
 117 L S   0.060  0.303  0.637
 118 W S   0.125  0.358  0.517
 119 S S   0.233  0.383  0.384
 120 H U   0.622  0.224  0.154
 121 F U   0.770  0.121  0.109
 122 G U   0.817  0.083  0.100
