# TARGET e.coli
# Using neural net overrep-3617-IDaa13-7-10-11-10-11-7-7-ebghtl-seeded3-stride-trained.net
# This is a 4-layer network, with 
#	window	units
#	    7	   10
#	   11	   10
#	   11	    7
#	    7	    6 (1 EBGHTL )
# The input amino acid frequencies were determined from
# alignment ./1eco_.fasta
# with weighted counts, using EntropyWeight(1.4 bits/column, 10)
# The weighting was determined by the posterior distribution
# after regularizing with /sb/meiler/scripts/sequence_analysis/sam/recode3.20comp.
# Counts were regularized to probabilities using
# /sb/meiler/scripts/sequence_analysis/sam/recode3.20comp
# Total sequence weight for alignment was 1
#
Pos	AA	E	B	G	H	T	C
10N	1S	5N	5N	5N	5N	5N	5N
1	M	0.019	0.003	0.005	0.052	0.180	0.741
2	A	0.072	0.025	0.025	0.074	0.277	0.527
3	N	0.072	0.024	0.048	0.096	0.384	0.375
4	N	0.051	0.015	0.053	0.090	0.458	0.332
5	T	0.057	0.009	0.048	0.160	0.452	0.276
6	T	0.070	0.012	0.024	0.233	0.351	0.309
7	G	0.113	0.013	0.017	0.409	0.204	0.244
8	F	0.131	0.010	0.010	0.657	0.087	0.105
9	T	0.129	0.007	0.009	0.740	0.051	0.064
10	R	0.095	0.004	0.011	0.821	0.037	0.032
11	I	0.124	0.005	0.017	0.776	0.040	0.038
12	I	0.152	0.005	0.027	0.722	0.051	0.043
13	K	0.127	0.007	0.028	0.717	0.067	0.055
14	A	0.103	0.007	0.048	0.668	0.113	0.062
15	A	0.087	0.007	0.051	0.536	0.190	0.129
16	G	0.075	0.004	0.028	0.145	0.335	0.413
17	Y	0.143	0.015	0.029	0.126	0.305	0.381
18	S	0.182	0.043	0.023	0.127	0.249	0.377
19	W	0.114	0.018	0.073	0.276	0.395	0.123
20	K	0.043	0.003	0.068	0.383	0.389	0.114
21	G	0.051	0.006	0.065	0.346	0.423	0.109
22	L	0.121	0.023	0.047	0.423	0.259	0.126
23	R	0.150	0.016	0.035	0.475	0.138	0.186
24	A	0.149	0.008	0.046	0.609	0.102	0.086
25	A	0.121	0.005	0.036	0.695	0.073	0.070
26	W	0.143	0.007	0.031	0.682	0.067	0.070
27	I	0.113	0.005	0.029	0.712	0.073	0.067
28	N	0.094	0.005	0.023	0.686	0.090	0.102
29	E	0.036	0.003	0.023	0.817	0.069	0.053
30	A	0.026	0.003	0.022	0.806	0.082	0.063
31	A	0.032	0.004	0.030	0.765	0.102	0.067
32	F	0.035	0.007	0.038	0.726	0.120	0.074
33	R	0.028	0.008	0.042	0.689	0.139	0.095
34	Q	0.015	0.004	0.055	0.643	0.203	0.079
35	E	0.010	0.002	0.030	0.664	0.196	0.099
36	G	0.013	0.002	0.011	0.701	0.154	0.120
37	V	0.039	0.006	0.005	0.794	0.081	0.075
38	A	0.045	0.004	0.003	0.879	0.029	0.041
39	V	0.034	0.002	0.003	0.928	0.017	0.016
40	L	0.028	0.001	0.005	0.940	0.014	0.011
41	L	0.014	0.001	0.004	0.964	0.009	0.008
42	A	0.017	0.001	0.005	0.961	0.009	0.008
43	V	0.029	0.001	0.004	0.947	0.008	0.010
44	V	0.038	0.001	0.004	0.937	0.009	0.010
45	I	0.073	0.002	0.006	0.885	0.018	0.017
46	A	0.051	0.001	0.008	0.888	0.027	0.024
47	C	0.056	0.002	0.013	0.831	0.049	0.049
48	W	0.054	0.004	0.016	0.759	0.071	0.096
49	L	0.044	0.006	0.016	0.612	0.099	0.223
50	D	0.059	0.010	0.023	0.499	0.125	0.285
51	V	0.030	0.004	0.085	0.686	0.104	0.091
52	D	0.027	0.002	0.078	0.612	0.151	0.129
53	A	0.030	0.002	0.070	0.741	0.100	0.058
54	I	0.046	0.006	0.024	0.790	0.072	0.062
55	T	0.048	0.002	0.011	0.854	0.044	0.042
56	R	0.058	0.002	0.007	0.864	0.034	0.034
57	V	0.067	0.002	0.008	0.870	0.025	0.027
58	L	0.064	0.003	0.010	0.874	0.024	0.025
59	L	0.081	0.004	0.015	0.829	0.036	0.036
60	I	0.071	0.004	0.028	0.787	0.062	0.048
61	S	0.056	0.002	0.032	0.769	0.085	0.055
62	S	0.048	0.002	0.026	0.791	0.081	0.053
63	V	0.078	0.003	0.009	0.770	0.068	0.072
64	M	0.092	0.003	0.005	0.822	0.033	0.046
65	L	0.116	0.003	0.004	0.819	0.024	0.034
66	V	0.074	0.001	0.004	0.881	0.017	0.022
67	M	0.044	0.001	0.004	0.925	0.013	0.014
68	I	0.043	0.001	0.004	0.926	0.012	0.014
69	V	0.037	0.001	0.006	0.926	0.014	0.016
70	E	0.044	0.002	0.010	0.899	0.024	0.021
71	I	0.041	0.003	0.017	0.868	0.040	0.031
72	L	0.025	0.002	0.021	0.852	0.058	0.043
73	N	0.017	0.001	0.022	0.812	0.083	0.065
74	S	0.019	0.003	0.019	0.782	0.092	0.085
75	A	0.021	0.004	0.013	0.829	0.060	0.073
76	I	0.019	0.003	0.011	0.871	0.044	0.053
77	E	0.018	0.001	0.011	0.913	0.031	0.026
78	A	0.016	0.001	0.011	0.930	0.024	0.017
79	V	0.021	0.002	0.014	0.919	0.025	0.019
80	V	0.026	0.002	0.017	0.899	0.033	0.023
81	D	0.034	0.003	0.021	0.832	0.063	0.047
82	R	0.029	0.005	0.032	0.765	0.100	0.069
83	I	0.023	0.008	0.022	0.670	0.126	0.151
84	G	0.025	0.006	0.023	0.353	0.279	0.313
85	S	0.026	0.006	0.056	0.541	0.226	0.145
86	E	0.036	0.005	0.085	0.562	0.191	0.121
87	Y	0.078	0.012	0.115	0.510	0.193	0.092
88	H	0.117	0.012	0.067	0.493	0.178	0.134
89	E	0.148	0.016	0.052	0.462	0.180	0.142
90	L	0.126	0.015	0.052	0.416	0.210	0.180
91	S	0.086	0.010	0.040	0.317	0.285	0.261
92	G	0.078	0.012	0.047	0.303	0.296	0.265
93	R	0.093	0.021	0.043	0.259	0.270	0.314
94	A	0.068	0.017	0.099	0.369	0.290	0.156
95	K	0.036	0.012	0.095	0.339	0.339	0.179
96	D	0.027	0.010	0.089	0.307	0.388	0.179
97	M	0.019	0.010	0.085	0.367	0.358	0.162
98	G	0.016	0.008	0.058	0.377	0.308	0.234
99	S	0.020	0.005	0.044	0.603	0.190	0.138
100	A	0.014	0.003	0.016	0.840	0.063	0.065
101	A	0.015	0.002	0.008	0.920	0.028	0.027
102	V	0.014	0.002	0.003	0.953	0.015	0.014
103	L	0.007	0.001	0.001	0.977	0.007	0.007
104	I	0.003	0.001	0.001	0.989	0.004	0.004
105	A	0.001	0.001	0.001	0.994	0.002	0.002
106	I	0.001	0.001	0.001	0.995	0.002	0.002
107	I	0.001	0.001	0.001	0.995	0.002	0.002
108	V	0.001	0.001	0.001	0.996	0.002	0.001
109	A	0.001	0.001	0.001	0.995	0.002	0.002
110	V	0.001	0.001	0.001	0.994	0.002	0.002
111	I	0.001	0.001	0.001	0.993	0.003	0.002
112	T	0.001	0.001	0.001	0.993	0.003	0.002
113	W	0.002	0.001	0.001	0.992	0.003	0.002
114	C	0.002	0.001	0.001	0.991	0.003	0.003
115	I	0.002	0.001	0.001	0.990	0.004	0.003
116	L	0.005	0.001	0.003	0.975	0.009	0.007
117	L	0.010	0.002	0.011	0.938	0.020	0.019
118	W	0.017	0.002	0.033	0.859	0.054	0.035
119	S	0.018	0.003	0.049	0.764	0.099	0.068
120	H	0.029	0.009	0.047	0.568	0.136	0.212
121	F	0.021	0.010	0.018	0.392	0.129	0.429
122	G	0.001	0.001	0.001	0.003	0.027	0.969
