   1 P U   0.642  0.014  0.344
   2 V U   0.741  0.021  0.238
   3 T U   0.593  0.020  0.387
   4 I U   0.645  0.057  0.298
   5 N U   0.779  0.080  0.141
   6 N U   0.773  0.100  0.127
   7 F U   0.732  0.086  0.182
   8 N U   0.651  0.051  0.298
   9 Y U   0.707  0.040  0.253
  10 N U   0.834  0.030  0.136
  11 D U   0.871  0.048  0.081
  12 P U   0.856  0.051  0.092
  13 I U   0.849  0.071  0.080
  14 D U   0.913  0.037  0.050
  15 N U   0.941  0.030  0.029
  16 N U   0.820  0.087  0.093
  17 N U   0.538  0.042  0.420
  18 I S   0.206  0.094  0.701
  19 I S   0.054  0.038  0.908
  20 M S   0.085  0.059  0.856
  21 M S   0.056  0.025  0.919
  22 E S   0.118  0.111  0.771
  23 P S   0.286  0.069  0.645
  24 P U   0.791  0.038  0.171
  25 F U   0.738  0.150  0.112
  26 A U   0.740  0.131  0.130
  27 R U   0.681  0.177  0.142
  28 G U   0.909  0.034  0.058
  29 T U   0.784  0.096  0.120
  30 G U   0.840  0.079  0.081
  31 R S   0.300  0.105  0.595
  32 Y S   0.170  0.186  0.644
  33 Y S   0.134  0.432  0.434
  34 K S   0.195  0.284  0.521
  35 A S   0.152  0.199  0.649
  36 F S   0.092  0.239  0.669
  37 K S   0.107  0.173  0.721
  38 I U   0.444  0.195  0.361
  39 T U   0.632  0.099  0.269
  40 D U   0.881  0.046  0.073
  41 R U   0.584  0.176  0.241
  42 I S   0.284  0.063  0.653
  43 W S   0.208  0.022  0.770
  44 I S   0.102  0.048  0.850
  45 I S   0.089  0.035  0.876
  46 P S   0.289  0.045  0.666
  47 E U   0.591  0.147  0.261
  48 R U   0.606  0.171  0.224
  49 Y U   0.574  0.188  0.238
  50 T U   0.523  0.198  0.278
  51 F U   0.744  0.102  0.154
  52 G U   0.841  0.028  0.131
  53 Y U   0.773  0.105  0.122
  54 K U   0.853  0.058  0.089
  55 P U   0.802  0.086  0.111
  56 E U   0.768  0.111  0.121
  57 D U   0.753  0.107  0.140
  58 F U   0.817  0.080  0.103
  59 N U   0.730  0.110  0.161
  60 K U   0.888  0.046  0.067
  61 S U   0.854  0.059  0.087
  62 S U   0.825  0.072  0.103
  63 G U   0.767  0.075  0.158
  64 I U   0.763  0.071  0.167
  65 F U   0.732  0.107  0.160
  66 N U   0.751  0.040  0.209
  67 R U   0.730  0.124  0.145
  68 D U   0.676  0.112  0.212
  69 V U   0.633  0.062  0.304
  70 C U   0.615  0.040  0.345
  71 E U   0.434  0.150  0.417
  72 Y U   0.362  0.068  0.570
  73 Y U   0.554  0.092  0.353
  74 D U   0.663  0.102  0.235
  75 P U   0.678  0.154  0.168
  76 D U   0.680  0.142  0.178
  77 Y U   0.740  0.093  0.167
  78 L U   0.709  0.119  0.172
  79 N U   0.656  0.080  0.265
  80 T U   0.767  0.096  0.137
  81 N U   0.755  0.125  0.121
  82 D U   0.729  0.152  0.119
  83 K U   0.683  0.248  0.069
  84 K H   0.250  0.697  0.053
  85 N H   0.201  0.701  0.098
  86 I H   0.119  0.808  0.073
  87 F H   0.041  0.893  0.066
  88 L H   0.036  0.928  0.036
  89 Q H   0.063  0.894  0.043
  90 T H   0.033  0.739  0.227
  91 M H   0.034  0.663  0.302
  92 I H   0.013  0.728  0.259
  93 K H   0.031  0.707  0.263
  94 L H   0.052  0.847  0.101
  95 F H   0.062  0.866  0.071
  96 N H   0.074  0.758  0.167
  97 R H   0.141  0.528  0.331
  98 I H   0.383  0.467  0.150
  99 K U   0.475  0.283  0.242
 100 S U   0.777  0.097  0.126
 101 K U   0.591  0.212  0.197
 102 P U   0.486  0.248  0.266
 103 L H   0.384  0.555  0.061
 104 G H   0.250  0.742  0.008
 105 E H   0.040  0.773  0.187
 106 K H   0.077  0.832  0.091
 107 L H   0.066  0.901  0.033
 108 L H   0.045  0.864  0.090
 109 E H   0.078  0.778  0.145
 110 M H   0.073  0.780  0.146
 111 I H   0.124  0.518  0.358
 112 I U   0.386  0.314  0.300
 113 N U   0.549  0.278  0.173
 114 G U   0.875  0.051  0.073
 115 I U   0.573  0.189  0.239
 116 P U   0.583  0.109  0.308
 117 Y U   0.665  0.127  0.208
 118 L U   0.580  0.067  0.353
 119 G U   0.803  0.078  0.119
 120 D U   0.788  0.095  0.117
 121 R U   0.768  0.099  0.133
 122 R U   0.840  0.067  0.092
 123 V U   0.828  0.063  0.109
 124 P U   0.710  0.138  0.152
 125 L U   0.632  0.185  0.183
 126 E U   0.566  0.207  0.228
 127 E U   0.488  0.173  0.340
 128 F U   0.518  0.202  0.280
 129 N U   0.379  0.060  0.561
 130 T U   0.600  0.185  0.215
 131 N U   0.774  0.088  0.138
 132 I U   0.537  0.204  0.259
 133 A U   0.589  0.163  0.248
 134 S U   0.465  0.188  0.348
 135 V S   0.280  0.160  0.560
 136 T S   0.310  0.183  0.507
 137 V S   0.422  0.123  0.455
 138 N S   0.322  0.222  0.457
 139 K S   0.308  0.231  0.461
 140 L S   0.148  0.119  0.734
 141 I S   0.201  0.132  0.667
 142 S S   0.461  0.043  0.495
 143 N U   0.789  0.059  0.152
 144 P U   0.823  0.081  0.096
 145 G U   0.918  0.032  0.050
 146 E U   0.566  0.100  0.334
 147 V U   0.413  0.268  0.319
 148 E U   0.526  0.203  0.271
 149 R U   0.523  0.233  0.244
 150 K U   0.495  0.262  0.243
 151 K U   0.550  0.270  0.180
 152 G U   0.463  0.226  0.311
 153 I U   0.421  0.203  0.376
 154 F U   0.473  0.206  0.321
 155 A U   0.431  0.193  0.377
 156 N U   0.491  0.043  0.466
 157 L S   0.118  0.089  0.793
 158 I S   0.031  0.026  0.943
 159 I S   0.073  0.030  0.897
 160 F S   0.172  0.025  0.803
 161 G S   0.390  0.042  0.567
 162 P U   0.722  0.109  0.169
 163 G U   0.904  0.038  0.057
 164 P U   0.721  0.125  0.154
 165 V U   0.747  0.096  0.156
 166 L U   0.639  0.063  0.299
 167 N U   0.586  0.105  0.309
 168 E U   0.418  0.284  0.298
 169 N U   0.614  0.201  0.185
 170 E U   0.617  0.176  0.207
 171 T U   0.473  0.168  0.360
 172 I U   0.528  0.194  0.279
 173 D S   0.334  0.240  0.426
 174 I S   0.310  0.226  0.465
 175 G U   0.440  0.243  0.317
 176 I U   0.393  0.255  0.352
 177 Q U   0.469  0.185  0.345
 178 N U   0.646  0.166  0.188
 179 H U   0.791  0.097  0.112
 180 F U   0.689  0.146  0.165
 181 A U   0.701  0.188  0.111
 182 S U   0.677  0.218  0.105
 183 R U   0.571  0.336  0.093
 184 E U   0.655  0.215  0.129
 185 G U   0.722  0.256  0.022
 186 F U   0.718  0.200  0.082
 187 G U   0.659  0.294  0.047
 188 G H   0.296  0.544  0.160
 189 I H   0.042  0.753  0.204
 190 M H   0.064  0.565  0.371
 191 Q S   0.164  0.269  0.567
 192 M S   0.097  0.234  0.670
 193 K S   0.090  0.245  0.666
 194 F S   0.219  0.078  0.702
 195 C S   0.314  0.124  0.563
 196 P U   0.598  0.198  0.204
 197 E U   0.530  0.223  0.247
 198 Y U   0.434  0.258  0.308
 199 V U   0.286  0.354  0.360
 200 S U   0.315  0.366  0.319
 201 V U   0.475  0.253  0.271
 202 F U   0.463  0.229  0.308
 203 N U   0.745  0.100  0.155
 204 N U   0.716  0.147  0.137
 205 V U   0.454  0.354  0.193
 206 Q U   0.565  0.284  0.151
 207 E U   0.583  0.283  0.134
 208 N U   0.678  0.167  0.155
 209 K U   0.669  0.174  0.157
 210 G U   0.708  0.146  0.146
 211 A U   0.611  0.187  0.203
 212 S U   0.657  0.154  0.189
 213 I U   0.594  0.191  0.215
 214 F U   0.610  0.198  0.192
 215 N U   0.700  0.155  0.145
 216 R U   0.632  0.198  0.171
 217 R U   0.537  0.244  0.220
 218 G U   0.405  0.257  0.338
 219 Y S   0.344  0.270  0.386
 220 F S   0.239  0.341  0.420
 221 S U   0.374  0.369  0.257
 222 D U   0.525  0.244  0.231
 223 P H   0.171  0.783  0.046
 224 A H   0.053  0.914  0.034
 225 L H   0.136  0.767  0.097
 226 I H   0.152  0.778  0.070
 227 L H   0.081  0.893  0.026
 228 M H   0.045  0.937  0.017
 229 H H   0.032  0.941  0.027
 230 E H   0.067  0.900  0.033
 231 L H   0.055  0.919  0.026
 232 I H   0.071  0.899  0.029
 233 H H   0.087  0.857  0.056
 234 V H   0.070  0.895  0.035
 235 L H   0.146  0.768  0.086
 236 H H   0.301  0.554  0.146
 237 G U   0.439  0.332  0.229
 238 L U   0.411  0.331  0.258
 239 Y U   0.471  0.249  0.280
 240 G U   0.543  0.165  0.292
 241 I U   0.500  0.109  0.391
 242 K U   0.464  0.021  0.515
 243 V U   0.736  0.051  0.213
 244 D U   0.835  0.067  0.098
 245 D U   0.829  0.077  0.094
 246 L U   0.829  0.116  0.055
 247 P U   0.725  0.099  0.176
 248 I U   0.714  0.091  0.195
 249 V U   0.364  0.181  0.456
 250 P U   0.391  0.293  0.316
 251 N U   0.488  0.302  0.210
 252 E U   0.470  0.419  0.111
 253 K H   0.372  0.503  0.125
 254 K H   0.388  0.400  0.212
 255 F U   0.386  0.304  0.310
 256 F U   0.426  0.426  0.148
 257 M H   0.144  0.577  0.279
 258 Q H   0.174  0.731  0.095
 259 S U   0.540  0.346  0.114
 260 T U   0.763  0.121  0.116
 261 D U   0.541  0.235  0.225
 262 A H   0.262  0.424  0.314
 263 I H   0.395  0.406  0.199
 264 Q H   0.568  0.237  0.195
 265 A H   0.264  0.572  0.164
 266 E H   0.558  0.338  0.104
 267 E H   0.246  0.534  0.219
 268 L H   0.109  0.482  0.409
 269 Y H   0.084  0.438  0.478
 270 T H   0.125  0.685  0.191
 271 F U   0.356  0.341  0.304
 272 G U   0.911  0.029  0.060
 273 G U   0.874  0.042  0.084
 274 Q U   0.749  0.078  0.173
 275 D U   0.782  0.056  0.162
 276 P U   0.600  0.199  0.200
 277 S U   0.571  0.029  0.399
 278 I U   0.560  0.069  0.370
 279 I U   0.734  0.044  0.222
 280 T U   0.718  0.064  0.218
 281 P U   0.805  0.085  0.110
 282 S U   0.747  0.141  0.111
 283 T U   0.719  0.180  0.101
 284 D U   0.547  0.264  0.189
 285 K H   0.233  0.554  0.213
 286 S H   0.169  0.714  0.117
 287 I H   0.084  0.780  0.136
 288 Y H   0.146  0.766  0.087
 289 D H   0.022  0.950  0.028
 290 K H   0.108  0.862  0.030
 291 V H   0.086  0.899  0.016
 292 L H   0.124  0.838  0.037
 293 Q H   0.340  0.603  0.057
 294 N H   0.495  0.483  0.022
 295 F H   0.182  0.752  0.065
 296 R H   0.098  0.871  0.030
 297 G H   0.133  0.819  0.048
 298 I H   0.060  0.882  0.057
 299 V H   0.036  0.883  0.081
 300 D H   0.139  0.728  0.132
 301 R H   0.159  0.743  0.098
 302 L H   0.210  0.757  0.032
 303 N H   0.458  0.473  0.069
 304 K U   0.427  0.294  0.280
 305 V S   0.144  0.058  0.798
 306 L S   0.173  0.264  0.564
 307 V S   0.118  0.206  0.676
 308 C S   0.104  0.071  0.824
 309 I S   0.408  0.066  0.526
 310 S U   0.673  0.122  0.204
 311 D U   0.850  0.059  0.091
 312 P U   0.887  0.051  0.062
 313 N U   0.848  0.108  0.044
 314 I U   0.634  0.204  0.162
 315 N U   0.717  0.151  0.132
 316 I H   0.218  0.732  0.050
 317 N H   0.347  0.593  0.060
 318 I H   0.180  0.735  0.085
 319 Y H   0.122  0.811  0.067
 320 K H   0.080  0.882  0.039
 321 N H   0.155  0.710  0.135
 322 K H   0.056  0.793  0.151
 323 F H   0.065  0.869  0.066
 324 K H   0.065  0.829  0.106
 325 D H   0.121  0.737  0.142
 326 K H   0.244  0.577  0.179
 327 Y H   0.232  0.587  0.181
 328 K U   0.651  0.135  0.215
 329 F U   0.430  0.198  0.372
 330 V S   0.397  0.142  0.461
 331 E S   0.239  0.304  0.457
 332 D S   0.394  0.068  0.538
 333 S U   0.819  0.079  0.102
 334 E U   0.646  0.172  0.182
 335 G U   0.861  0.044  0.095
 336 K S   0.165  0.037  0.799
 337 Y S   0.082  0.031  0.887
 338 S S   0.064  0.070  0.866
 339 I S   0.171  0.101  0.729
 340 D S   0.194  0.180  0.627
 341 V H   0.234  0.700  0.066
 342 E H   0.291  0.620  0.089
 343 S H   0.233  0.714  0.052
 344 F H   0.325  0.635  0.040
 345 D H   0.174  0.761  0.065
 346 K H   0.103  0.856  0.041
 347 L H   0.134  0.794  0.071
 348 Y H   0.100  0.799  0.102
 349 K H   0.086  0.867  0.047
 350 S H   0.081  0.873  0.047
 351 L H   0.233  0.618  0.149
 352 M H   0.204  0.673  0.124
 353 F H   0.244  0.622  0.134
 354 G H   0.403  0.519  0.078
 355 F H   0.458  0.403  0.139
 356 T H   0.392  0.463  0.145
 357 E H   0.206  0.570  0.224
 358 T H   0.264  0.571  0.165
 359 N H   0.219  0.727  0.053
 360 I H   0.184  0.751  0.065
 361 A H   0.184  0.714  0.102
 362 E H   0.249  0.640  0.111
 363 N H   0.312  0.512  0.176
 364 Y H   0.251  0.482  0.267
 365 K H   0.393  0.260  0.347
 366 I H   0.301  0.396  0.303
 367 K U   0.380  0.338  0.282
 368 T U   0.517  0.219  0.264
 369 R U   0.504  0.143  0.354
 370 A S   0.284  0.136  0.580
 371 S S   0.355  0.110  0.535
 372 Y S   0.341  0.133  0.527
 373 F S   0.379  0.145  0.475
 374 S U   0.522  0.086  0.392
 375 D U   0.757  0.082  0.162
 376 S U   0.797  0.086  0.117
 377 L U   0.791  0.083  0.126
 378 P U   0.880  0.040  0.080
 379 P U   0.622  0.108  0.271
 380 V U   0.461  0.135  0.404
 381 K S   0.265  0.038  0.697
 382 I S   0.334  0.106  0.560
 383 K U   0.450  0.116  0.434
 384 N U   0.676  0.147  0.177
 385 L U   0.603  0.158  0.239
 386 L U   0.489  0.249  0.262
 387 D U   0.752  0.130  0.117
 388 N U   0.818  0.086  0.096
 389 E U   0.615  0.156  0.228
 390 I U   0.511  0.129  0.359
 391 Y U   0.453  0.106  0.441
 392 T S   0.349  0.084  0.567
 393 I S   0.339  0.240  0.422
 394 E S   0.231  0.348  0.420
 395 E U   0.550  0.197  0.253
 396 G U   0.719  0.134  0.147
 397 F U   0.596  0.163  0.241
 398 N U   0.637  0.084  0.279
 399 I U   0.670  0.142  0.189
 400 S U   0.854  0.061  0.085
 401 D U   0.761  0.139  0.100
 402 K U   0.710  0.194  0.096
 403 D U   0.591  0.273  0.136
 404 M U   0.553  0.282  0.165
 405 E U   0.438  0.307  0.255
 406 K U   0.309  0.323  0.368
 407 E U   0.377  0.286  0.337
 408 Y U   0.519  0.137  0.344
 409 R U   0.637  0.240  0.123
 410 G U   0.595  0.284  0.122
 411 Q U   0.556  0.227  0.217
 412 N U   0.614  0.186  0.200
 413 K U   0.405  0.362  0.233
 414 A H   0.297  0.452  0.251
 415 I H   0.369  0.423  0.208
 416 N H   0.599  0.212  0.189
 417 K H   0.373  0.509  0.118
 418 Q H   0.401  0.439  0.160
 419 A H   0.229  0.685  0.087
 420 Y H   0.314  0.631  0.055
 421 E H   0.345  0.512  0.143
 422 E U   0.467  0.256  0.277
 423 I U   0.547  0.244  0.208
 424 S U   0.622  0.356  0.022
 425 K U   0.656  0.290  0.054
 426 E U   0.547  0.320  0.133
 427 H H   0.372  0.575  0.053
 428 L H   0.138  0.730  0.133
 429 A H   0.257  0.621  0.122
 430 V H   0.123  0.774  0.103
 431 Y H   0.039  0.841  0.120
 432 K H   0.052  0.801  0.147
 433 I H   0.066  0.804  0.129
 434 Q H   0.100  0.583  0.318
 435 M S   0.276  0.292  0.432
 436 C S   0.223  0.288  0.488
 437 K S   0.210  0.327  0.462
 438 S S   0.217  0.099  0.684
 439 V S   0.293  0.123  0.585
 440 K S   0.405  0.045  0.550
 441 A U   0.776  0.069  0.155
 442 P U   0.803  0.085  0.111
 443 G U   0.859  0.048  0.093
 444 I S   0.238  0.047  0.715
 445 C S   0.093  0.041  0.866
 446 I S   0.089  0.075  0.835
 447 D S   0.092  0.030  0.878
 448 V S   0.194  0.068  0.738
 449 D S   0.383  0.051  0.566
 450 N U   0.791  0.096  0.114
 451 E U   0.885  0.046  0.069
 452 D U   0.804  0.081  0.114
 453 L U   0.716  0.063  0.221
 454 F U   0.395  0.026  0.580
 455 F U   0.488  0.086  0.426
 456 I U   0.440  0.071  0.489
 457 A U   0.606  0.074  0.320
 458 D U   0.701  0.026  0.273
 459 K U   0.638  0.168  0.194
 460 N U   0.664  0.073  0.263
 461 S U   0.760  0.095  0.145
 462 F U   0.706  0.110  0.185
 463 S U   0.924  0.020  0.056
 464 D U   0.712  0.244  0.044
 465 D U   0.850  0.088  0.061
 466 L U   0.762  0.170  0.068
 467 S U   0.748  0.109  0.143
 468 K U   0.628  0.173  0.199
 469 N U   0.579  0.183  0.238
 470 E U   0.264  0.128  0.609
 471 R U   0.452  0.221  0.327
 472 I S   0.312  0.236  0.452
 473 E S   0.094  0.159  0.747
 474 Y S   0.228  0.238  0.534
 475 N U   0.533  0.301  0.166
 476 T U   0.478  0.381  0.141
 477 Q U   0.751  0.174  0.075
 478 S U   0.508  0.326  0.166
 479 N U   0.487  0.284  0.229
 480 Y U   0.573  0.143  0.284
 481 I U   0.747  0.080  0.173
 482 E U   0.713  0.099  0.188
 483 N U   0.764  0.090  0.146
 484 D U   0.726  0.128  0.145
 485 F U   0.715  0.126  0.159
 486 P U   0.844  0.048  0.108
 487 I U   0.812  0.090  0.098
 488 N U   0.780  0.089  0.131
 489 E S   0.356  0.149  0.495
 490 L S   0.127  0.126  0.747
 491 I S   0.231  0.130  0.639
 492 L S   0.378  0.122  0.500
 493 D U   0.584  0.064  0.352
 494 T U   0.580  0.197  0.223
 495 D U   0.692  0.130  0.178
 496 L U   0.587  0.189  0.224
 497 I U   0.738  0.125  0.138
 498 S U   0.789  0.093  0.118
 499 K U   0.727  0.109  0.165
 500 I U   0.779  0.085  0.136
 501 E U   0.791  0.045  0.163
 502 L U   0.715  0.101  0.184
 503 P U   0.709  0.118  0.172
 504 S U   0.683  0.148  0.169
 505 E U   0.720  0.150  0.130
 506 N U   0.735  0.112  0.153
 507 T U   0.684  0.150  0.166
 508 E U   0.659  0.175  0.167
 509 S U   0.680  0.093  0.227
 510 L U   0.595  0.246  0.159
 511 T U   0.740  0.084  0.176
 512 D U   0.773  0.080  0.146
 513 F U   0.821  0.081  0.098
 514 N U   0.940  0.022  0.038
 515 V U   0.691  0.034  0.275
 516 D U   0.624  0.075  0.301
 517 V S   0.250  0.063  0.686
 518 P S   0.153  0.047  0.800
 519 V S   0.243  0.102  0.655
 520 Y S   0.126  0.053  0.821
 521 E S   0.221  0.070  0.709
 522 K S   0.246  0.064  0.690
 523 Q U   0.548  0.072  0.380
 524 P U   0.492  0.109  0.400
 525 A U   0.730  0.120  0.149
 526 I S   0.342  0.069  0.588
 527 K S   0.259  0.083  0.658
 528 K S   0.121  0.079  0.800
 529 I S   0.066  0.056  0.879
 530 F S   0.132  0.060  0.808
 531 T S   0.293  0.062  0.646
 532 D U   0.649  0.016  0.334
 533 E U   0.802  0.066  0.132
 534 N U   0.772  0.102  0.126
 535 T U   0.632  0.145  0.223
 536 I S   0.215  0.145  0.640
 537 F S   0.272  0.248  0.480
 538 Q S   0.115  0.113  0.772
 539 Y S   0.103  0.276  0.621
 540 L S   0.138  0.346  0.516
 541 Y S   0.118  0.205  0.676
 542 S S   0.302  0.308  0.390
 543 Q U   0.582  0.174  0.243
 544 T U   0.605  0.137  0.257
 545 F U   0.631  0.098  0.271
 546 P U   0.849  0.059  0.092
 547 L U   0.901  0.042  0.057
 548 D U   0.925  0.029  0.046
 549 I U   0.736  0.131  0.133
 550 R U   0.691  0.148  0.161
 551 D U   0.518  0.161  0.321
 552 I S   0.217  0.070  0.714
 553 S S   0.244  0.045  0.711
 554 L S   0.212  0.168  0.619
 555 T S   0.224  0.136  0.639
 556 S U   0.446  0.213  0.341
 557 S U   0.738  0.151  0.111
 558 F H   0.303  0.618  0.079
 559 D H   0.319  0.567  0.114
 560 D H   0.204  0.651  0.145
 561 A H   0.150  0.741  0.109
 562 L H   0.317  0.462  0.221
 563 L U   0.388  0.362  0.250
 564 F U   0.614  0.187  0.198
 565 S U   0.883  0.050  0.068
 566 N U   0.856  0.060  0.084
 567 K U   0.498  0.122  0.380
 568 V S   0.242  0.091  0.667
 569 Y S   0.169  0.133  0.697
 570 S S   0.131  0.106  0.763
 571 F S   0.169  0.056  0.774
 572 F S   0.206  0.146  0.647
 573 S S   0.318  0.141  0.540
 574 M S   0.287  0.293  0.420
 575 D U   0.550  0.226  0.224
 576 Y U   0.470  0.375  0.156
 577 I H   0.317  0.525  0.158
 578 K H   0.447  0.484  0.069
 579 T U   0.596  0.259  0.145
 580 A U   0.701  0.153  0.146
 581 N U   0.902  0.044  0.053
 582 K U   0.692  0.200  0.107
 583 V U   0.282  0.528  0.189
 584 V U   0.381  0.377  0.242
 585 E U   0.479  0.343  0.178
 586 A H   0.211  0.677  0.111
 587 G H   0.171  0.710  0.120
 588 L H   0.175  0.710  0.115
 589 F H   0.195  0.649  0.156
 590 A H   0.066  0.876  0.058
 591 G H   0.184  0.777  0.039
 592 W H   0.132  0.726  0.142
 593 V H   0.138  0.675  0.187
 594 K H   0.100  0.842  0.059
 595 Q H   0.034  0.632  0.334
 596 I H   0.053  0.662  0.285
 597 V H   0.074  0.609  0.317
 598 N S   0.112  0.366  0.522
 599 D S   0.316  0.084  0.599
 600 F U   0.704  0.089  0.207
 601 V U   0.473  0.259  0.268
 602 I U   0.334  0.458  0.208
 603 E U   0.463  0.266  0.271
 604 A U   0.631  0.204  0.165
 605 N U   0.582  0.232  0.186
 606 K U   0.510  0.260  0.230
 607 S U   0.458  0.273  0.268
 608 N U   0.649  0.164  0.187
 609 T U   0.655  0.164  0.181
 610 M U   0.642  0.188  0.169
 611 D U   0.790  0.099  0.111
 612 K U   0.670  0.169  0.162
 613 I U   0.552  0.225  0.223
 614 A U   0.662  0.163  0.175
 615 D U   0.826  0.077  0.097
 616 I S   0.392  0.071  0.537
 617 S S   0.482  0.032  0.486
 618 L S   0.178  0.103  0.719
 619 I S   0.054  0.070  0.876
 620 V S   0.060  0.052  0.888
 621 P S   0.105  0.138  0.757
 622 Y S   0.101  0.422  0.476
 623 I U   0.430  0.151  0.419
 624 G U   0.766  0.062  0.172
 625 L U   0.462  0.264  0.274
 626 A U   0.491  0.253  0.256
 627 L U   0.512  0.231  0.257
 628 N U   0.504  0.195  0.301
 629 V U   0.566  0.335  0.098
 630 G U   0.744  0.105  0.151
 631 N U   0.625  0.172  0.203
 632 E U   0.566  0.234  0.200
 633 T U   0.454  0.305  0.241
 634 A U   0.600  0.219  0.181
 635 K U   0.630  0.194  0.176
 636 G U   0.846  0.089  0.065
 637 N U   0.673  0.223  0.104
 638 F H   0.157  0.668  0.176
 639 E H   0.084  0.802  0.114
 640 N H   0.092  0.874  0.033
 641 A H   0.136  0.784  0.080
 642 F H   0.094  0.841  0.066
 643 E H   0.173  0.650  0.177
 644 I H   0.245  0.640  0.116
 645 A U   0.700  0.217  0.084
 646 G U   0.816  0.096  0.089
 647 A S   0.298  0.126  0.576
 648 S S   0.226  0.248  0.526
 649 I S   0.200  0.207  0.594
 650 L S   0.233  0.330  0.437
 651 L S   0.294  0.153  0.553
 652 E U   0.216  0.420  0.364
 653 F U   0.576  0.239  0.185
 654 I U   0.750  0.121  0.129
 655 P U   0.863  0.077  0.060
 656 E U   0.691  0.170  0.139
 657 L U   0.674  0.192  0.135
 658 L U   0.593  0.208  0.199
 659 I U   0.509  0.190  0.300
 660 P U   0.394  0.294  0.312
 661 V U   0.446  0.264  0.290
 662 V U   0.297  0.283  0.420
 663 G U   0.401  0.207  0.392
 664 A U   0.325  0.374  0.301
 665 F S   0.303  0.309  0.387
 666 L S   0.311  0.315  0.373
 667 L S   0.287  0.333  0.379
 668 E U   0.380  0.398  0.222
 669 S U   0.457  0.310  0.233
 670 Y U   0.588  0.327  0.084
 671 I U   0.357  0.594  0.049
 672 D U   0.500  0.469  0.031
 673 N U   0.542  0.384  0.074
 674 K H   0.348  0.616  0.036
 675 N H   0.361  0.604  0.035
 676 K H   0.153  0.822  0.025
 677 I H   0.083  0.890  0.027
 678 I H   0.063  0.914  0.023
 679 K H   0.132  0.822  0.047
 680 T H   0.210  0.735  0.055
 681 I H   0.199  0.750  0.051
 682 D H   0.208  0.736  0.057
 683 N H   0.290  0.635  0.076
 684 A H   0.154  0.775  0.071
 685 L H   0.257  0.695  0.048
 686 T H   0.164  0.788  0.047
 687 K H   0.307  0.555  0.138
 688 R H   0.564  0.391  0.045
 689 N H   0.384  0.491  0.126
 690 E H   0.184  0.762  0.055
 691 K H   0.166  0.715  0.119
 692 W H   0.152  0.740  0.108
 693 S H   0.164  0.774  0.062
 694 D H   0.126  0.766  0.108
 695 M H   0.289  0.545  0.165
 696 Y H   0.288  0.618  0.094
 697 G H   0.066  0.896  0.038
 698 L H   0.109  0.744  0.147
 699 I H   0.073  0.759  0.168
 700 V H   0.069  0.859  0.073
 701 A H   0.176  0.768  0.055
 702 Q H   0.240  0.726  0.034
 703 W H   0.200  0.763  0.038
 704 L H   0.143  0.817  0.041
 705 S H   0.063  0.875  0.062
 706 T H   0.213  0.665  0.121
 707 V H   0.146  0.562  0.292
 708 N H   0.173  0.542  0.285
 709 T H   0.264  0.673  0.063
 710 Q H   0.167  0.764  0.069
 711 F H   0.086  0.895  0.019
 712 Y H   0.180  0.767  0.053
 713 T H   0.125  0.819  0.057
 714 I H   0.053  0.925  0.021
 715 K H   0.026  0.966  0.008
 716 E H   0.039  0.944  0.018
 717 G H   0.078  0.901  0.021
 718 M H   0.121  0.844  0.035
 719 Y H   0.021  0.973  0.005
 720 K H   0.109  0.861  0.030
 721 A H   0.074  0.900  0.025
 722 L H   0.030  0.962  0.008
 723 N H   0.037  0.956  0.008
 724 Y H   0.030  0.958  0.012
 725 Q H   0.019  0.976  0.005
 726 A H   0.036  0.957  0.007
 727 Q H   0.082  0.893  0.025
 728 A H   0.065  0.908  0.027
 729 L H   0.049  0.929  0.021
 730 E H   0.020  0.970  0.010
 731 E H   0.050  0.941  0.010
 732 I H   0.047  0.930  0.023
 733 I H   0.065  0.893  0.042
 734 K H   0.046  0.860  0.094
 735 Y H   0.226  0.653  0.122
 736 R H   0.252  0.663  0.085
 737 Y H   0.267  0.684  0.049
 738 N H   0.305  0.574  0.121
 739 I H   0.262  0.475  0.263
 740 Y U   0.569  0.197  0.234
 741 S U   0.583  0.281  0.135
 742 E U   0.419  0.502  0.079
 743 K U   0.642  0.237  0.121
 744 E U   0.536  0.357  0.107
 745 K H   0.336  0.607  0.057
 746 S H   0.314  0.620  0.066
 747 N U   0.489  0.383  0.128
 748 I U   0.680  0.162  0.158
 749 N U   0.490  0.292  0.218
 750 I U   0.329  0.312  0.359
 751 D H   0.357  0.445  0.197
 752 F H   0.331  0.616  0.053
 753 N H   0.429  0.513  0.058
 754 D H   0.654  0.267  0.080
 755 I H   0.298  0.609  0.093
 756 N H   0.201  0.736  0.062
 757 S H   0.211  0.697  0.092
 758 K H   0.244  0.711  0.046
 759 L H   0.293  0.678  0.029
 760 N H   0.783  0.146  0.070
 761 E H   0.357  0.590  0.053
 762 G H   0.413  0.549  0.038
 763 I H   0.311  0.586  0.104
 764 N H   0.406  0.483  0.111
 765 Q H   0.138  0.805  0.057
 766 A H   0.122  0.700  0.178
 767 I H   0.110  0.775  0.115
 768 D H   0.249  0.690  0.061
 769 N H   0.333  0.624  0.043
 770 I H   0.459  0.510  0.031
 771 N H   0.728  0.182  0.090
 772 N H   0.392  0.548  0.060
 773 F H   0.300  0.657  0.043
 774 I H   0.246  0.680  0.074
 775 N U   0.519  0.451  0.030
 776 G U   0.428  0.328  0.244
 777 C U   0.340  0.520  0.140
 778 S U   0.509  0.098  0.393
 779 V S   0.078  0.387  0.535
 780 S S   0.158  0.184  0.658
 781 Y H   0.026  0.906  0.068
 782 L H   0.068  0.643  0.290
 783 M H   0.089  0.673  0.238
 784 K H   0.106  0.763  0.131
 785 K H   0.338  0.552  0.110
 786 M U   0.540  0.380  0.080
 787 I U   0.499  0.394  0.107
 788 P H   0.127  0.816  0.058
 789 L H   0.107  0.859  0.034
 790 A H   0.151  0.833  0.016
 791 V H   0.207  0.743  0.050
 792 E H   0.133  0.824  0.043
 793 K H   0.096  0.874  0.030
 794 L H   0.212  0.744  0.044
 795 L H   0.102  0.849  0.050
 796 D H   0.149  0.764  0.087
 797 F H   0.250  0.687  0.063
 798 D H   0.204  0.731  0.065
 799 N H   0.153  0.821  0.025
 800 T H   0.305  0.663  0.032
 801 L H   0.302  0.664  0.035
 802 K H   0.151  0.830  0.018
 803 K H   0.097  0.870  0.033
 804 N H   0.136  0.810  0.054
 805 L H   0.186  0.738  0.076
 806 L H   0.039  0.921  0.040
 807 N H   0.169  0.750  0.080
 808 Y H   0.119  0.786  0.095
 809 I H   0.126  0.778  0.096
 810 D H   0.129  0.792  0.079
 811 E H   0.459  0.502  0.039
 812 N U   0.753  0.168  0.079
 813 K U   0.752  0.182  0.066
 814 L U   0.329  0.378  0.293
 815 Y S   0.373  0.208  0.420
 816 L S   0.245  0.153  0.601
 817 I S   0.340  0.210  0.450
 818 G U   0.551  0.170  0.278
 819 S U   0.455  0.246  0.299
 820 A H   0.309  0.422  0.268
 821 E H   0.213  0.694  0.093
 822 Y H   0.268  0.648  0.085
 823 E H   0.261  0.651  0.087
 824 K H   0.401  0.543  0.056
 825 S H   0.169  0.769  0.062
 826 K H   0.207  0.722  0.071
 827 V H   0.206  0.675  0.119
 828 N H   0.431  0.347  0.222
 829 K H   0.340  0.561  0.099
 830 Y U   0.478  0.322  0.200
 831 L U   0.458  0.372  0.170
 832 K U   0.640  0.175  0.186
 833 T U   0.627  0.156  0.216
 834 I U   0.660  0.139  0.201
 835 M U   0.783  0.081  0.136
 836 P U   0.678  0.162  0.160
 837 F U   0.621  0.128  0.251
 838 D U   0.429  0.270  0.301
 839 L U   0.484  0.202  0.315
 840 S U   0.545  0.219  0.236
 841 I U   0.532  0.260  0.209
 842 Y U   0.473  0.296  0.230
 843 T U   0.687  0.135  0.178
 844 N U   0.801  0.100  0.099
 845 D U   0.466  0.371  0.163
 846 T H   0.377  0.517  0.106
 847 I H   0.180  0.742  0.078
 848 L H   0.214  0.701  0.086
 849 I H   0.141  0.727  0.132
 850 E H   0.066  0.850  0.084
 851 M H   0.045  0.895  0.060
 852 F H   0.061  0.804  0.135
 853 N H   0.073  0.693  0.234
 854 K H   0.195  0.694  0.112
 855 Y H   0.133  0.796  0.071
 856 N H   0.197  0.643  0.160
 857 S H   0.277  0.629  0.094
 858 E H   0.321  0.497  0.183
 859 I U   0.432  0.337  0.231
 860 L U   0.785  0.110  0.104
 861 N U   0.684  0.192  0.124
 862 N U   0.543  0.192  0.264
 863 I S   0.297  0.209  0.493
 864 I S   0.353  0.389  0.258
 865 L S   0.177  0.391  0.431
 866 N S   0.179  0.452  0.369
 867 L S   0.174  0.273  0.554
 868 R S   0.231  0.145  0.624
 869 Y U   0.578  0.185  0.237
 870 K U   0.777  0.110  0.113
 871 D U   0.894  0.045  0.061
 872 N U   0.805  0.098  0.096
 873 N S   0.297  0.079  0.624
 874 L S   0.235  0.172  0.593
 875 I S   0.193  0.078  0.729
 876 D S   0.041  0.054  0.905
 877 L S   0.296  0.110  0.594
 878 S U   0.447  0.106  0.447
 879 G U   0.815  0.063  0.122
 880 Y U   0.590  0.202  0.207
 881 G U   0.819  0.073  0.108
 882 A S   0.349  0.042  0.609
 883 K S   0.388  0.011  0.601
 884 V S   0.103  0.031  0.867
 885 E S   0.120  0.024  0.856
 886 V S   0.109  0.032  0.859
 887 Y S   0.320  0.055  0.625
 888 D U   0.792  0.082  0.126
 889 G U   0.813  0.072  0.115
 890 V S   0.176  0.052  0.772
 891 E S   0.351  0.073  0.576
 892 L S   0.197  0.048  0.755
 893 N S   0.293  0.043  0.664
 894 D U   0.651  0.123  0.226
 895 K U   0.677  0.193  0.130
 896 N U   0.646  0.172  0.182
 897 Q U   0.696  0.140  0.164
 898 F U   0.294  0.102  0.604
 899 K U   0.456  0.107  0.437
 900 L S   0.166  0.158  0.676
 901 T S   0.426  0.079  0.495
 902 S U   0.687  0.068  0.244
 903 S U   0.746  0.113  0.141
 904 A U   0.753  0.122  0.125
 905 N U   0.774  0.108  0.118
 906 S U   0.738  0.127  0.135
 907 K U   0.083  0.504  0.413
 908 I S   0.027  0.192  0.781
 909 R S   0.045  0.119  0.836
 910 V S   0.042  0.408  0.550
 911 T H   0.037  0.482  0.481
 912 Q H   0.117  0.499  0.384
 913 N H   0.387  0.438  0.175
 914 Q U   0.650  0.267  0.083
 915 N S   0.328  0.196  0.476
 916 I S   0.079  0.391  0.530
 917 I S   0.170  0.262  0.568
 918 F S   0.233  0.416  0.351
 919 N S   0.386  0.145  0.470
 920 S U   0.859  0.062  0.079
 921 V U   0.674  0.157  0.170
 922 F U   0.596  0.161  0.243
 923 L U   0.809  0.080  0.110
 924 D U   0.808  0.080  0.112
 925 F S   0.247  0.041  0.712
 926 S S   0.205  0.028  0.766
 927 V S   0.156  0.049  0.795
 928 S S   0.117  0.039  0.844
 929 F S   0.055  0.229  0.716
 930 W S   0.048  0.028  0.923
 931 I S   0.070  0.076  0.854
 932 R S   0.077  0.132  0.791
 933 I S   0.161  0.165  0.674
 934 P S   0.396  0.064  0.540
 935 K U   0.793  0.031  0.176
 936 Y U   0.723  0.143  0.134
 937 K U   0.854  0.067  0.079
 938 N U   0.724  0.154  0.122
 939 D U   0.771  0.102  0.127
 940 G U   0.842  0.066  0.091
 941 I U   0.524  0.286  0.190
 942 Q U   0.523  0.248  0.229
 943 N U   0.571  0.194  0.235
 944 Y U   0.613  0.186  0.201
 945 I U   0.721  0.138  0.141
 946 H U   0.661  0.191  0.148
 947 N U   0.766  0.091  0.143
 948 E S   0.318  0.083  0.598
 949 Y S   0.173  0.067  0.760
 950 T S   0.036  0.243  0.721
 951 I S   0.054  0.147  0.800
 952 I S   0.105  0.158  0.737
 953 N S   0.194  0.179  0.627
 954 C U   0.479  0.093  0.428
 955 M U   0.525  0.066  0.409
 956 K U   0.482  0.093  0.425
 957 N U   0.622  0.156  0.222
 958 N U   0.759  0.113  0.128
 959 S U   0.735  0.130  0.135
 960 G U   0.845  0.030  0.125
 961 W S   0.087  0.026  0.887
 962 K S   0.022  0.035  0.943
 963 I S   0.123  0.126  0.751
 964 S S   0.081  0.033  0.886
 965 I S   0.091  0.051  0.859
 966 R S   0.412  0.064  0.524
 967 G U   0.892  0.043  0.066
 968 N U   0.867  0.049  0.085
 969 R S   0.302  0.016  0.682
 970 I S   0.066  0.101  0.833
 971 I S   0.038  0.055  0.908
 972 W S   0.027  0.036  0.938
 973 T S   0.025  0.067  0.909
 974 L S   0.044  0.054  0.902
 975 I S   0.125  0.080  0.796
 976 D S   0.118  0.107  0.775
 977 I U   0.565  0.308  0.127
 978 N U   0.819  0.107  0.075
 979 G U   0.874  0.060  0.066
 980 K U   0.700  0.119  0.181
 981 T U   0.455  0.117  0.428
 982 K U   0.572  0.085  0.343
 983 S S   0.094  0.036  0.870
 984 V S   0.057  0.019  0.924
 985 F S   0.126  0.099  0.774
 986 F S   0.065  0.041  0.894
 987 E S   0.151  0.094  0.754
 988 Y S   0.340  0.218  0.442
 989 N U   0.581  0.180  0.239
 990 I U   0.616  0.186  0.198
 991 R U   0.669  0.159  0.171
 992 E U   0.579  0.273  0.148
 993 D U   0.490  0.380  0.129
 994 I U   0.561  0.319  0.120
 995 S U   0.812  0.116  0.072
 996 E U   0.567  0.285  0.148
 997 Y U   0.542  0.262  0.196
 998 I U   0.587  0.237  0.176
 999 N U   0.808  0.091  0.101
1000 R S   0.301  0.072  0.627
1001 W S   0.127  0.054  0.819
1002 F S   0.067  0.048  0.885
1003 F S   0.015  0.008  0.977
1004 V S   0.005  0.011  0.984
1005 T S   0.042  0.039  0.919
1006 I S   0.053  0.042  0.905
1007 T S   0.196  0.085  0.719
1008 N U   0.515  0.044  0.442
1009 N U   0.797  0.077  0.127
1010 L U   0.730  0.151  0.120
1011 N U   0.874  0.058  0.068
1012 N U   0.667  0.175  0.158
1013 A S   0.221  0.104  0.675
1014 K S   0.065  0.035  0.900
1015 I S   0.116  0.033  0.851
1016 Y S   0.156  0.072  0.772
1017 I S   0.091  0.109  0.800
1018 N S   0.376  0.105  0.519
1019 G U   0.793  0.080  0.127
1020 K U   0.576  0.190  0.234
1021 L U   0.578  0.208  0.214
1022 E U   0.581  0.199  0.220
1023 S U   0.664  0.171  0.165
1024 N U   0.511  0.302  0.187
1025 T U   0.481  0.214  0.305
1026 D H   0.248  0.654  0.098
1027 I H   0.297  0.647  0.056
1028 K H   0.175  0.733  0.092
1029 D H   0.257  0.667  0.076
1030 I H   0.368  0.548  0.084
1031 R H   0.745  0.181  0.074
1032 E H   0.364  0.540  0.096
1033 V H   0.243  0.545  0.212
1034 I U   0.320  0.169  0.511
1035 A U   0.452  0.114  0.433
1036 N U   0.832  0.029  0.138
1037 G U   0.816  0.092  0.091
1038 E S   0.245  0.093  0.662
1039 I S   0.093  0.033  0.875
1040 I S   0.069  0.049  0.882
1041 F S   0.096  0.078  0.826
1042 K S   0.157  0.169  0.674
1043 L S   0.311  0.244  0.445
1044 D U   0.443  0.155  0.402
1045 G U   0.878  0.048  0.073
1046 D U   0.916  0.019  0.065
1047 I U   0.821  0.080  0.099
1048 D U   0.901  0.042  0.057
1049 R U   0.772  0.111  0.117
1050 T U   0.880  0.045  0.074
1051 Q U   0.473  0.075  0.452
1052 F S   0.150  0.041  0.809
1053 I S   0.071  0.035  0.894
1054 W S   0.059  0.074  0.867
1055 M S   0.080  0.170  0.750
1056 K S   0.155  0.134  0.711
1057 Y S   0.258  0.172  0.570
1058 F S   0.156  0.252  0.592
1059 S S   0.265  0.237  0.499
1060 I S   0.248  0.199  0.552
1061 F U   0.550  0.110  0.339
1062 N U   0.768  0.087  0.145
1063 T U   0.749  0.183  0.068
1064 E U   0.686  0.143  0.171
1065 L U   0.800  0.105  0.095
1066 S U   0.882  0.066  0.052
1067 Q U   0.406  0.489  0.105
1068 S U   0.454  0.343  0.203
1069 N H   0.166  0.607  0.227
1070 I H   0.127  0.624  0.249
1071 E H   0.204  0.459  0.337
1072 E H   0.109  0.754  0.136
1073 R H   0.264  0.370  0.367
1074 Y H   0.235  0.681  0.084
1075 K U   0.509  0.175  0.316
1076 I U   0.396  0.344  0.260
1077 Q U   0.413  0.239  0.348
1078 S U   0.820  0.069  0.111
1079 Y U   0.726  0.129  0.145
1080 S U   0.697  0.157  0.145
1081 E S   0.176  0.159  0.664
1082 Y S   0.049  0.303  0.648
1083 L S   0.075  0.412  0.512
1084 K S   0.188  0.060  0.752
1085 D S   0.143  0.213  0.644
1086 F U   0.554  0.207  0.239
1087 W U   0.580  0.287  0.133
1088 G U   0.769  0.182  0.049
1089 N U   0.650  0.169  0.181
1090 P U   0.518  0.258  0.224
1091 L U   0.391  0.143  0.465
1092 M U   0.354  0.388  0.258
1093 Y U   0.484  0.252  0.263
1094 N U   0.752  0.151  0.097
1095 K U   0.673  0.156  0.171
1096 E S   0.225  0.102  0.673
1097 Y S   0.188  0.099  0.713
1098 Y S   0.110  0.040  0.850
1099 M S   0.111  0.173  0.715
1100 F S   0.095  0.151  0.754
1101 N S   0.180  0.096  0.724
1102 A U   0.577  0.182  0.242
1103 G U   0.769  0.086  0.145
1104 N U   0.602  0.059  0.339
1105 K U   0.623  0.189  0.187
1106 N U   0.754  0.110  0.136
1107 S U   0.579  0.203  0.218
1108 Y U   0.412  0.250  0.338
1109 I U   0.151  0.461  0.388
1110 K S   0.099  0.385  0.516
1111 L S   0.154  0.267  0.579
1112 K S   0.212  0.136  0.652
1113 K U   0.656  0.038  0.305
1114 D U   0.661  0.135  0.204
1115 S U   0.608  0.188  0.204
1116 P U   0.714  0.128  0.158
1117 V U   0.588  0.199  0.213
1118 G U   0.623  0.076  0.301
1119 E S   0.259  0.100  0.642
1120 I S   0.116  0.049  0.835
1121 L S   0.171  0.111  0.718
1122 T S   0.145  0.061  0.794
1123 R S   0.201  0.088  0.711
1124 S S   0.255  0.094  0.651
1125 K S   0.382  0.114  0.504
1126 Y S   0.368  0.066  0.566
1127 N U   0.755  0.115  0.131
1128 Q U   0.810  0.087  0.103
1129 N U   0.770  0.109  0.121
1130 S U   0.543  0.175  0.281
1131 K U   0.324  0.182  0.494
1132 Y U   0.506  0.216  0.278
1133 I U   0.503  0.174  0.323
1134 N U   0.386  0.228  0.386
1135 Y U   0.471  0.300  0.229
1136 R U   0.657  0.163  0.179
1137 D U   0.436  0.245  0.319
1138 L U   0.540  0.245  0.215
1139 Y U   0.544  0.223  0.233
1140 I U   0.597  0.195  0.208
1141 G U   0.811  0.067  0.122
1142 E S   0.223  0.081  0.696
1143 K S   0.159  0.143  0.698
1144 F S   0.051  0.048  0.901
1145 I S   0.012  0.018  0.970
1146 I S   0.016  0.024  0.959
1147 R S   0.061  0.116  0.823
1148 R S   0.168  0.123  0.709
1149 K S   0.271  0.068  0.661
1150 S U   0.496  0.026  0.478
1151 N U   0.931  0.020  0.049
1152 S U   0.836  0.063  0.101
1153 Q U   0.744  0.098  0.158
1154 S U   0.805  0.058  0.137
1155 I U   0.774  0.096  0.130
1156 N U   0.771  0.069  0.160
1157 D U   0.536  0.254  0.210
1158 D U   0.447  0.182  0.371
1159 I S   0.201  0.130  0.669
1160 V S   0.339  0.192  0.469
1161 R S   0.228  0.181  0.591
1162 K U   0.724  0.095  0.180
1163 E U   0.798  0.086  0.117
1164 D U   0.677  0.053  0.270
1165 Y S   0.129  0.081  0.790
1166 I S   0.111  0.103  0.786
1167 Y S   0.099  0.121  0.780
1168 L S   0.056  0.069  0.876
1169 D S   0.049  0.040  0.911
1170 F S   0.041  0.037  0.922
1171 F S   0.097  0.090  0.813
1172 N S   0.279  0.099  0.622
1173 L U   0.697  0.051  0.252
1174 N U   0.894  0.048  0.057
1175 Q U   0.791  0.125  0.084
1176 E U   0.524  0.199  0.277
1177 W S   0.139  0.130  0.731
1178 R S   0.110  0.063  0.827
1179 V S   0.095  0.074  0.831
1180 Y S   0.093  0.090  0.817
1181 T S   0.134  0.129  0.737
1182 Y S   0.244  0.078  0.678
1183 K U   0.517  0.140  0.343
1184 Y U   0.525  0.272  0.203
1185 F U   0.584  0.228  0.187
1186 K U   0.613  0.248  0.139
1187 K U   0.657  0.256  0.087
1188 E H   0.294  0.488  0.218
1189 E H   0.277  0.346  0.377
1190 E H   0.171  0.603  0.226
1191 K H   0.248  0.537  0.215
1192 L H   0.137  0.513  0.349
1193 F H   0.195  0.389  0.416
1194 L H   0.302  0.351  0.347
1195 A U   0.530  0.127  0.343
1196 P U   0.560  0.043  0.397
1197 I U   0.717  0.084  0.199
1198 S U   0.842  0.061  0.097
1199 D U   0.924  0.028  0.048
1200 S U   0.844  0.068  0.088
1201 D U   0.785  0.098  0.117
1202 E U   0.725  0.125  0.149
1203 F U   0.610  0.202  0.188
1204 Y H   0.390  0.462  0.149
1205 N H   0.098  0.724  0.177
1206 T S   0.090  0.425  0.486
1207 I S   0.016  0.222  0.762
1208 Q S   0.021  0.043  0.936
1209 I S   0.091  0.085  0.824
1210 K S   0.140  0.153  0.707
1211 E S   0.204  0.197  0.599
1212 Y U   0.625  0.205  0.170
1213 D U   0.843  0.067  0.090
1214 E U   0.843  0.099  0.058
1215 Q U   0.640  0.188  0.173
1216 P U   0.772  0.101  0.127
1217 T U   0.760  0.104  0.136
1218 Y U   0.593  0.201  0.206
1219 S U   0.378  0.246  0.376
1220 C S   0.104  0.059  0.837
1221 Q S   0.123  0.151  0.726
1222 L S   0.175  0.141  0.683
1223 L S   0.100  0.049  0.851
1224 F S   0.121  0.091  0.788
1225 K S   0.190  0.139  0.672
1226 K U   0.622  0.196  0.181
1227 D U   0.873  0.051  0.076
1228 E U   0.702  0.153  0.145
1229 E U   0.702  0.176  0.122
1230 S U   0.869  0.056  0.075
1231 T U   0.820  0.074  0.105
1232 D U   0.820  0.070  0.110
1233 E U   0.438  0.163  0.399
1234 I S   0.391  0.112  0.497
1235 G S   0.361  0.143  0.496
1236 L S   0.336  0.301  0.363
1237 I S   0.175  0.191  0.634
1238 G S   0.110  0.154  0.736
1239 I S   0.252  0.149  0.599
1240 H S   0.230  0.107  0.663
1241 R S   0.299  0.152  0.549
1242 F S   0.306  0.237  0.457
1243 Y U   0.398  0.241  0.360
1244 E U   0.620  0.171  0.209
1245 S U   0.720  0.146  0.134
1246 G U   0.722  0.124  0.154
1247 I U   0.644  0.064  0.292
1248 V U   0.740  0.098  0.162
1249 F U   0.575  0.201  0.224
1250 E U   0.577  0.230  0.193
1251 E U   0.608  0.222  0.170
1252 Y U   0.686  0.179  0.136
1253 K U   0.667  0.179  0.154
1254 D U   0.682  0.166  0.152
1255 Y S   0.184  0.259  0.557
1256 F S   0.110  0.422  0.467
1257 C S   0.154  0.188  0.658
1258 I S   0.124  0.133  0.743
1259 S S   0.109  0.346  0.546
1260 K H   0.280  0.489  0.231
1261 W H   0.237  0.624  0.140
1262 Y H   0.421  0.493  0.086
1263 L H   0.542  0.281  0.178
1264 K H   0.216  0.692  0.092
1265 E H   0.157  0.748  0.094
1266 V H   0.323  0.575  0.102
1267 K H   0.250  0.450  0.299
1268 R U   0.424  0.184  0.392
1269 K U   0.373  0.085  0.541
1270 P U   0.604  0.182  0.214
1271 Y U   0.669  0.159  0.172
1272 N U   0.719  0.110  0.171
1273 L U   0.607  0.189  0.204
1274 K U   0.650  0.135  0.215
1275 L U   0.595  0.192  0.213
1276 G U   0.732  0.107  0.161
1277 C U   0.531  0.165  0.304
1278 N U   0.598  0.107  0.296
1279 W S   0.349  0.019  0.632
1280 Q S   0.304  0.012  0.685
1281 F S   0.223  0.022  0.755
1282 I S   0.229  0.017  0.753
1283 P S   0.262  0.059  0.678
1284 K U   0.679  0.064  0.257
1285 D U   0.597  0.058  0.346
1286 E U   0.705  0.137  0.158
1287 G U   0.755  0.096  0.149
1288 W U   0.808  0.051  0.141
1289 T U   0.869  0.047  0.083
1290 E U   0.875  0.067  0.058
