   1 S C SO   0.099  0.141  0.427  0.047  0.024  0.070  0.024  0.043  0.125  0.286
   2 T C SO   0.111  0.160  0.415  0.043  0.023  0.067  0.021  0.047  0.113  0.255
   3 G C SO   0.102  0.151  0.415  0.043  0.021  0.079  0.022  0.041  0.125  0.264
   4 F C SO   0.083  0.109  0.386  0.046  0.030  0.091  0.029  0.042  0.185  0.202
   5 H C SO   0.039  0.083  0.340  0.050  0.035  0.063  0.034  0.081  0.276  0.064
   6 H C SO   0.095  0.075  0.287  0.052  0.034  0.091  0.023  0.069  0.274  0.013
   7 A E SO   0.060  0.065  0.248  0.070  0.054  0.131  0.043  0.049  0.281  0.033
   8 D C SO   0.094  0.062  0.295  0.060  0.057  0.166  0.044  0.030  0.191  0.104
   9 H H SO   0.053  0.046  0.194  0.065  0.060  0.230  0.041  0.084  0.228  0.002
  10 V E SO   0.050  0.091  0.209  0.046  0.055  0.171  0.093  0.037  0.248  0.039
  11 N C SO   0.063  0.098  0.301  0.051  0.037  0.159  0.053  0.053  0.185  0.116
  12 Y C SO   0.048  0.092  0.324  0.053  0.033  0.213  0.037  0.073  0.128  0.110
  13 S C SO   0.044  0.118  0.384  0.052  0.035  0.209  0.026  0.051  0.081  0.175
  14 S C SO   0.054  0.140  0.414  0.049  0.034  0.190  0.024  0.032  0.064  0.224
  15 N C SO   0.041  0.142  0.409  0.053  0.027  0.227  0.022  0.034  0.044  0.182
  16 L C SO   0.023  0.148  0.366  0.052  0.033  0.272  0.028  0.039  0.039  0.093
  17 N C SO   0.021  0.109  0.401  0.056  0.032  0.266  0.029  0.043  0.042  0.135
  18 K H SO   0.028  0.066  0.236  0.064  0.053  0.411  0.038  0.055  0.050  0.175
  19 E H SO   0.017  0.037  0.110  0.067  0.063  0.520  0.034  0.100  0.052  0.410
  20 E H SO   0.019  0.038  0.106  0.070  0.081  0.510  0.026  0.096  0.054  0.403
  21 I H SO   0.018  0.034  0.103  0.055  0.092  0.524  0.027  0.068  0.078  0.421
  22 L H SO   0.020  0.035  0.073  0.063  0.080  0.563  0.051  0.053  0.060  0.483
  23 E H SO   0.022  0.029  0.055  0.058  0.066  0.575  0.070  0.053  0.071  0.504
  24 Q H SO   0.025  0.029  0.070  0.060  0.079  0.564  0.050  0.045  0.080  0.484
  25 L H SO   0.030  0.025  0.075  0.056  0.073  0.556  0.070  0.041  0.074  0.480
  26 L H SO   0.029  0.028  0.080  0.062  0.062  0.540  0.103  0.034  0.061  0.437
  27 L H SO   0.024  0.036  0.093  0.070  0.076  0.511  0.109  0.024  0.058  0.403
  28 S H SO   0.021  0.043  0.107  0.071  0.055  0.503  0.113  0.028  0.058  0.390
  29 Y H SO   0.023  0.036  0.106  0.078  0.052  0.523  0.093  0.033  0.058  0.416
  30 E H SO   0.032  0.033  0.164  0.069  0.047  0.440  0.091  0.032  0.092  0.276
  31 G H SO   0.039  0.064  0.272  0.066  0.035  0.316  0.066  0.030  0.111  0.044
  32 L C SO   0.044  0.089  0.372  0.071  0.029  0.212  0.048  0.033  0.102  0.160
  33 S C SO   0.068  0.096  0.380  0.068  0.025  0.169  0.030  0.034  0.131  0.212
  34 D C SO   0.096  0.095  0.427  0.053  0.027  0.139  0.027  0.029  0.107  0.288
  35 G C SO   0.073  0.130  0.456  0.061  0.024  0.135  0.022  0.031  0.068  0.322
  36 Q C SO   0.065  0.139  0.396  0.059  0.044  0.123  0.017  0.061  0.097  0.257
  37 V C SO   0.073  0.094  0.355  0.063  0.049  0.149  0.016  0.072  0.129  0.206
  38 N C SO   0.108  0.083  0.329  0.062  0.040  0.187  0.016  0.051  0.123  0.141
  39 W H SO   0.064  0.050  0.184  0.074  0.084  0.243  0.016  0.072  0.212  0.030
  40 V H SO   0.045  0.038  0.138  0.094  0.086  0.330  0.020  0.041  0.208  0.122
  41 C H SO   0.041  0.048  0.101  0.087  0.101  0.305  0.029  0.043  0.246  0.059
  42 N H SO   0.044  0.062  0.129  0.088  0.089  0.336  0.028  0.034  0.190  0.146
  43 L H SO   0.035  0.037  0.131  0.102  0.086  0.413  0.059  0.031  0.105  0.282
  44 S H SO   0.024  0.040  0.190  0.087  0.066  0.377  0.142  0.019  0.056  0.187
  45 N H SO   0.055  0.032  0.227  0.099  0.054  0.371  0.097  0.023  0.042  0.144
  46 A H SO   0.034  0.019  0.142  0.111  0.085  0.414  0.105  0.030  0.059  0.272
  47 S H SO   0.036  0.024  0.126  0.075  0.078  0.444  0.090  0.036  0.091  0.318
  48 S H SO   0.045  0.026  0.119  0.096  0.068  0.465  0.047  0.044  0.091  0.346
  49 L H SO   0.025  0.029  0.092  0.094  0.082  0.485  0.063  0.040  0.092  0.391
  50 I H SO   0.032  0.042  0.107  0.110  0.066  0.470  0.045  0.037  0.092  0.360
  51 W H SO   0.030  0.050  0.106  0.127  0.095  0.404  0.027  0.052  0.108  0.277
  52 H H SO   0.031  0.048  0.163  0.123  0.092  0.367  0.022  0.041  0.111  0.204
  53 A H SO   0.029  0.078  0.175  0.127  0.080  0.311  0.021  0.071  0.108  0.135
  54 Y H SO   0.038  0.110  0.219  0.107  0.085  0.266  0.022  0.074  0.079  0.047
  55 K C SO   0.028  0.163  0.292  0.081  0.089  0.204  0.025  0.038  0.081  0.088
  56 S C SO   0.032  0.183  0.298  0.095  0.081  0.157  0.023  0.039  0.092  0.115
  57 L C SO   0.051  0.177  0.310  0.079  0.051  0.113  0.033  0.059  0.127  0.132
  58 A C SO   0.040  0.149  0.314  0.080  0.055  0.076  0.026  0.061  0.199  0.115
  59 V C SO   0.062  0.124  0.273  0.082  0.052  0.072  0.033  0.065  0.237  0.036
  60 D E SO   0.095  0.085  0.252  0.078  0.054  0.087  0.040  0.043  0.266  0.014
  61 I E SO   0.095  0.057  0.222  0.072  0.063  0.058  0.040  0.059  0.335  0.113
  62 N E SO   0.047  0.048  0.255  0.076  0.057  0.044  0.068  0.052  0.353  0.098
  63 W E SO   0.063  0.034  0.174  0.080  0.066  0.049  0.056  0.055  0.424  0.250
  64 A E SO   0.049  0.040  0.149  0.095  0.065  0.045  0.103  0.036  0.417  0.268
  65 G E SO   0.036  0.041  0.128  0.103  0.061  0.050  0.094  0.035  0.452  0.324
  66 F E SO   0.031  0.037  0.108  0.095  0.068  0.055  0.153  0.017  0.436  0.283
  67 Y E SO   0.021  0.037  0.089  0.085  0.082  0.054  0.140  0.023  0.469  0.329
  68 V E SO   0.024  0.039  0.097  0.088  0.074  0.095  0.102  0.025  0.456  0.354
  69 T E SO   0.033  0.097  0.182  0.083  0.058  0.084  0.070  0.029  0.364  0.182
  70 Q C SO   0.083  0.118  0.317  0.068  0.044  0.109  0.028  0.035  0.198  0.119
  71 A C SO   0.046  0.154  0.310  0.084  0.072  0.139  0.029  0.036  0.129  0.156
  72 S C SO   0.060  0.153  0.383  0.063  0.043  0.132  0.029  0.044  0.094  0.230
  73 E C SO   0.045  0.183  0.355  0.065  0.048  0.123  0.026  0.043  0.114  0.172
  74 E C SO   0.037  0.125  0.389  0.064  0.054  0.113  0.021  0.067  0.129  0.260
  75 N C SO   0.044  0.090  0.330  0.063  0.052  0.129  0.019  0.102  0.169  0.161
  76 T E SO   0.049  0.051  0.157  0.064  0.111  0.127  0.020  0.072  0.350  0.194
  77 L E SO   0.079  0.031  0.121  0.061  0.049  0.104  0.027  0.073  0.454  0.333
  78 I E SO   0.077  0.055  0.129  0.053  0.055  0.058  0.032  0.027  0.514  0.386
  79 L E SO   0.128  0.060  0.173  0.050  0.034  0.055  0.047  0.026  0.428  0.255
  80 G E SO   0.124  0.137  0.273  0.061  0.025  0.040  0.030  0.021  0.289  0.016
  81 P C SO   0.132  0.104  0.318  0.074  0.042  0.073  0.032  0.017  0.209  0.109
  82 F C SO   0.120  0.076  0.312  0.058  0.041  0.058  0.088  0.017  0.229  0.083
  83 Q C SO   0.062  0.102  0.384  0.061  0.032  0.055  0.094  0.022  0.187  0.197
  84 G C SO   0.122  0.079  0.408  0.064  0.039  0.056  0.054  0.024  0.155  0.253
  85 K C SO   0.073  0.081  0.354  0.065  0.054  0.081  0.067  0.019  0.205  0.149
  86 V E SO   0.032  0.047  0.238  0.077  0.088  0.092  0.068  0.033  0.325  0.087
  87 A E SO   0.050  0.045  0.180  0.082  0.100  0.106  0.041  0.031  0.364  0.184
  88 C E SO   0.036  0.044  0.126  0.075  0.081  0.079  0.062  0.032  0.466  0.339
  89 Q E SO   0.048  0.036  0.124  0.064  0.081  0.070  0.039  0.048  0.491  0.367
  90 M E SO   0.060  0.043  0.120  0.058  0.073  0.079  0.039  0.057  0.473  0.353
  91 I E SO   0.097  0.096  0.171  0.052  0.048  0.060  0.030  0.036  0.410  0.239
  92 Q E SO   0.074  0.062  0.195  0.071  0.076  0.111  0.027  0.040  0.344  0.149
  93 F C SO   0.134  0.094  0.327  0.058  0.049  0.077  0.020  0.023  0.220  0.108
  94 G C SO   0.095  0.142  0.399  0.056  0.047  0.060  0.019  0.026  0.157  0.242
  95 K C SO   0.112  0.115  0.373  0.055  0.051  0.064  0.017  0.031  0.183  0.190
  96 G C SO   0.093  0.079  0.353  0.059  0.034  0.054  0.017  0.055  0.255  0.098
  97 V E SO   0.061  0.060  0.272  0.069  0.047  0.052  0.018  0.059  0.363  0.091
  98 C E SO   0.046  0.041  0.191  0.080  0.047  0.073  0.038  0.042  0.443  0.252
  99 G E SO   0.028  0.046  0.177  0.094  0.058  0.134  0.041  0.034  0.386  0.209
 100 T E SO   0.027  0.036  0.111  0.065  0.067  0.211  0.047  0.031  0.405  0.194
 101 A E SO   0.019  0.033  0.116  0.073  0.094  0.248  0.043  0.035  0.341  0.093
 102 A H SO   0.021  0.027  0.122  0.077  0.098  0.335  0.063  0.037  0.220  0.115
 103 S H SO   0.034  0.027  0.216  0.068  0.103  0.323  0.049  0.037  0.143  0.107
 104 T H SO   0.019  0.032  0.278  0.075  0.072  0.331  0.043  0.028  0.121  0.053
 105 K H SO   0.026  0.046  0.304  0.073  0.078  0.309  0.023  0.036  0.104  0.006
 106 E C SO   0.035  0.030  0.281  0.076  0.073  0.281  0.023  0.063  0.139  0.001
 107 T E SO   0.038  0.042  0.182  0.063  0.071  0.256  0.022  0.063  0.264  0.009
 108 Q E SO   0.036  0.034  0.172  0.046  0.047  0.136  0.024  0.110  0.395  0.223
 109 I E SO   0.030  0.065  0.173  0.043  0.050  0.060  0.033  0.084  0.462  0.289
 110 V E SO   0.055  0.088  0.232  0.042  0.034  0.096  0.027  0.041  0.386  0.154
 111 P E SO   0.067  0.066  0.270  0.056  0.046  0.130  0.030  0.044  0.292  0.022
 112 D C SO   0.093  0.096  0.353  0.045  0.037  0.078  0.026  0.026  0.246  0.107
 113 V C SO   0.068  0.073  0.390  0.049  0.038  0.106  0.044  0.047  0.184  0.206
 114 N C SO   0.059  0.077  0.373  0.034  0.026  0.064  0.053  0.039  0.275  0.098
 115 K C SO   0.110  0.067  0.394  0.045  0.028  0.070  0.027  0.048  0.211  0.183
 116 Y C SO   0.127  0.066  0.459  0.049  0.024  0.095  0.025  0.035  0.122  0.333
 117 P C SO   0.072  0.102  0.478  0.049  0.030  0.098  0.028  0.024  0.120  0.358
 118 G C SO   0.129  0.068  0.439  0.055  0.028  0.117  0.018  0.022  0.123  0.310
 119 H C SO   0.059  0.054  0.299  0.063  0.043  0.174  0.023  0.031  0.253  0.047
 120 I E SO   0.044  0.049  0.191  0.059  0.046  0.129  0.034  0.034  0.415  0.224
 121 A E SO   0.045  0.063  0.217  0.063  0.038  0.128  0.022  0.032  0.391  0.174
 122 C E SO   0.046  0.052  0.251  0.059  0.042  0.177  0.025  0.027  0.322  0.072
 123 D C SO   0.070  0.053  0.354  0.056  0.039  0.197  0.019  0.030  0.183  0.157
 124 G C SO   0.047  0.057  0.347  0.054  0.043  0.320  0.030  0.026  0.078  0.027
 125 E C SO   0.055  0.058  0.395  0.049  0.037  0.292  0.034  0.025  0.054  0.103
 126 T C SO   0.042  0.055  0.415  0.055  0.032  0.276  0.037  0.029  0.060  0.140
 127 K C SO   0.030  0.035  0.414  0.054  0.050  0.247  0.036  0.046  0.087  0.167
 128 S C SO   0.056  0.032  0.371  0.061  0.053  0.220  0.030  0.040  0.136  0.150
 129 E E SO   0.062  0.025  0.198  0.060  0.061  0.247  0.031  0.055  0.262  0.014
 130 I E SO   0.056  0.029  0.156  0.050  0.044  0.116  0.042  0.048  0.459  0.303
 131 V E SO   0.042  0.030  0.095  0.059  0.050  0.080  0.043  0.047  0.554  0.459
 132 V E SO   0.054  0.038  0.102  0.069  0.042  0.076  0.047  0.035  0.537  0.435
 133 P E SO   0.057  0.040  0.103  0.069  0.058  0.127  0.030  0.031  0.484  0.356
 134 I E SO   0.040  0.038  0.149  0.063  0.056  0.142  0.034  0.026  0.451  0.302
 135 I E SO   0.049  0.039  0.188  0.060  0.091  0.131  0.023  0.045  0.375  0.187
 136 S C SO   0.047  0.071  0.366  0.070  0.041  0.127  0.020  0.037  0.221  0.144
 137 N C SO   0.079  0.093  0.451  0.063  0.035  0.092  0.022  0.033  0.133  0.318
 138 D C SO   0.061  0.073  0.503  0.074  0.036  0.093  0.023  0.028  0.110  0.393
 139 G C SO   0.076  0.057  0.467  0.065  0.042  0.083  0.025  0.043  0.141  0.325
 140 K C SO   0.061  0.059  0.384  0.061  0.039  0.074  0.036  0.061  0.225  0.160
 141 T E SO   0.042  0.038  0.165  0.064  0.051  0.083  0.042  0.056  0.459  0.293
 142 L E SO   0.028  0.025  0.143  0.082  0.043  0.061  0.041  0.058  0.519  0.376
 143 G E SO   0.042  0.030  0.140  0.068  0.045  0.056  0.057  0.029  0.533  0.393
 144 V E SO   0.029  0.035  0.114  0.067  0.052  0.066  0.058  0.036  0.544  0.431
 145 I E SO   0.033  0.036  0.135  0.080  0.037  0.057  0.053  0.024  0.544  0.409
 146 D E SO   0.049  0.044  0.200  0.058  0.041  0.051  0.047  0.022  0.487  0.288
 147 I E SO   0.057  0.032  0.302  0.069  0.033  0.084  0.030  0.027  0.366  0.064
 148 D C SO   0.112  0.040  0.373  0.058  0.025  0.111  0.018  0.038  0.225  0.149
 149 C C SO   0.139  0.040  0.342  0.072  0.030  0.166  0.021  0.043  0.148  0.176
 150 L C SO   0.087  0.036  0.347  0.065  0.032  0.186  0.019  0.039  0.189  0.158
 151 D C SO   0.078  0.044  0.306  0.048  0.031  0.219  0.024  0.046  0.205  0.088
 152 Y H SO   0.065  0.057  0.275  0.050  0.043  0.290  0.024  0.053  0.144  0.015
 153 E C SO   0.078  0.091  0.390  0.055  0.027  0.162  0.021  0.049  0.127  0.228
 154 G C SO   0.079  0.123  0.407  0.050  0.028  0.140  0.019  0.036  0.119  0.267
 155 F C SO   0.103  0.088  0.390  0.052  0.032  0.165  0.018  0.034  0.118  0.225
 156 D C SO   0.051  0.107  0.375  0.055  0.031  0.164  0.019  0.087  0.111  0.211
 157 H H SO   0.033  0.077  0.206  0.068  0.054  0.367  0.020  0.098  0.077  0.160
 158 V H SO   0.027  0.048  0.223  0.072  0.061  0.415  0.026  0.060  0.067  0.193
 159 D H SO   0.046  0.049  0.157  0.066  0.075  0.448  0.023  0.072  0.063  0.291
 160 K H SO   0.020  0.040  0.102  0.074  0.096  0.518  0.025  0.055  0.071  0.416
 161 E H SO   0.024  0.045  0.101  0.057  0.081  0.544  0.047  0.043  0.057  0.443
 162 F H SO   0.027  0.033  0.074  0.059  0.100  0.519  0.045  0.052  0.091  0.419
 163 L H SO   0.030  0.026  0.078  0.065  0.055  0.534  0.064  0.060  0.088  0.446
 164 E H SO   0.021  0.029  0.067  0.067  0.096  0.506  0.089  0.024  0.100  0.407
 165 K H SO   0.021  0.023  0.081  0.077  0.068  0.501  0.075  0.031  0.123  0.378
 166 L H SO   0.016  0.022  0.066  0.085  0.084  0.456  0.139  0.026  0.106  0.317
 167 A H SO   0.020  0.023  0.073  0.077  0.057  0.453  0.105  0.037  0.153  0.300
 168 K H SO   0.019  0.025  0.062  0.064  0.078  0.384  0.115  0.036  0.217  0.167
 169 L H SO   0.018  0.041  0.066  0.066  0.108  0.324  0.109  0.022  0.247  0.077
 170 I H SO   0.018  0.035  0.113  0.092  0.114  0.315  0.088  0.029  0.194  0.121
 171 N H SO   0.022  0.039  0.224  0.094  0.068  0.315  0.043  0.039  0.155  0.091
 172 K C SO   0.020  0.051  0.245  0.100  0.085  0.223  0.032  0.053  0.190  0.022
 173 S C SO   0.036  0.049  0.291  0.086  0.062  0.169  0.021  0.058  0.229  0.061
 174 C E SO   0.042  0.048  0.252  0.108  0.060  0.110  0.021  0.069  0.290  0.039
 175 V E SO   0.046  0.067  0.251  0.081  0.051  0.117  0.024  0.050  0.314  0.063
 176 F E SO   0.066  0.097  0.238  0.056  0.044  0.109  0.028  0.038  0.325  0.087
