   1 S U   0.917  0.035  0.048
   2 T U   0.866  0.061  0.073
   3 G U   0.888  0.046  0.066
   4 F U   0.743  0.102  0.155
   5 H U   0.719  0.140  0.141
   6 H U   0.672  0.180  0.147
   7 A U   0.602  0.205  0.193
   8 D U   0.551  0.242  0.206
   9 H U   0.586  0.247  0.168
  10 V U   0.543  0.262  0.195
  11 N U   0.489  0.279  0.232
  12 Y U   0.541  0.269  0.191
  13 S U   0.653  0.196  0.151
  14 S U   0.664  0.185  0.151
  15 N U   0.722  0.166  0.112
  16 L U   0.762  0.154  0.084
  17 N U   0.875  0.071  0.054
  18 K H   0.227  0.715  0.058
  19 E H   0.119  0.828  0.053
  20 E H   0.051  0.939  0.009
  21 I H   0.043  0.952  0.005
  22 L H   0.027  0.967  0.006
  23 E H   0.046  0.943  0.011
  24 Q H   0.072  0.912  0.017
  25 L H   0.034  0.958  0.008
  26 L H   0.043  0.945  0.012
  27 L H   0.084  0.865  0.051
  28 S H   0.071  0.901  0.028
  29 Y H   0.158  0.829  0.014
  30 E H   0.132  0.836  0.031
  31 G H   0.104  0.848  0.048
  32 L H   0.277  0.572  0.151
  33 S H   0.188  0.651  0.161
  34 D H   0.257  0.650  0.093
  35 G U   0.728  0.223  0.050
  36 Q U   0.684  0.190  0.126
  37 V U   0.579  0.308  0.112
  38 N U   0.601  0.231  0.168
  39 W H   0.150  0.775  0.075
  40 V H   0.048  0.859  0.094
  41 C H   0.091  0.782  0.127
  42 N H   0.169  0.694  0.137
  43 L H   0.097  0.847  0.056
  44 S H   0.116  0.847  0.038
  45 N H   0.174  0.794  0.031
  46 A H   0.042  0.936  0.022
  47 S H   0.062  0.901  0.037
  48 S H   0.025  0.969  0.006
  49 L H   0.050  0.907  0.043
  50 I H   0.065  0.904  0.031
  51 W H   0.044  0.919  0.036
  52 H H   0.086  0.874  0.040
  53 A H   0.056  0.908  0.037
  54 Y H   0.115  0.847  0.038
  55 K H   0.366  0.607  0.027
  56 S H   0.344  0.625  0.031
  57 L H   0.451  0.474  0.075
  58 A U   0.779  0.113  0.109
  59 V U   0.732  0.098  0.169
  60 D U   0.751  0.096  0.153
  61 I U   0.516  0.125  0.359
  62 N U   0.680  0.065  0.255
  63 W S   0.342  0.279  0.379
  64 A S   0.295  0.122  0.583
  65 G S   0.388  0.145  0.467
  66 F S   0.100  0.047  0.853
  67 Y S   0.050  0.038  0.912
  68 V S   0.116  0.075  0.809
  69 T S   0.172  0.096  0.732
  70 Q S   0.427  0.048  0.524
  71 A U   0.743  0.098  0.159
  72 S U   0.787  0.099  0.114
  73 E U   0.776  0.113  0.111
  74 E U   0.786  0.106  0.108
  75 N U   0.815  0.082  0.103
  76 T S   0.198  0.107  0.695
  77 L S   0.156  0.063  0.781
  78 I S   0.187  0.148  0.666
  79 L S   0.223  0.147  0.630
  80 G U   0.546  0.189  0.265
  81 P U   0.481  0.144  0.375
  82 F U   0.655  0.155  0.190
  83 Q U   0.636  0.178  0.186
  84 G U   0.833  0.054  0.113
  85 K U   0.514  0.128  0.358
  86 V S   0.389  0.126  0.485
  87 A S   0.362  0.113  0.525
  88 C S   0.148  0.061  0.792
  89 Q S   0.062  0.049  0.889
  90 M S   0.065  0.040  0.895
  91 I S   0.052  0.047  0.900
  92 Q S   0.203  0.081  0.716
  93 F U   0.627  0.183  0.189
  94 G U   0.821  0.066  0.113
  95 K U   0.572  0.239  0.189
  96 G U   0.559  0.148  0.293
  97 V U   0.530  0.245  0.224
  98 C U   0.573  0.198  0.229
  99 G H   0.324  0.570  0.105
 100 T H   0.302  0.287  0.411
 101 A H   0.292  0.368  0.340
 102 A S   0.337  0.292  0.371
 103 S S   0.374  0.146  0.480
 104 T U   0.462  0.264  0.274
 105 K U   0.726  0.114  0.160
 106 E S   0.425  0.042  0.533
 107 T S   0.179  0.089  0.732
 108 Q S   0.075  0.047  0.878
 109 I S   0.091  0.016  0.893
 110 V S   0.040  0.027  0.933
 111 P S   0.170  0.154  0.676
 112 D S   0.450  0.083  0.467
 113 V U   0.675  0.209  0.116
 114 N U   0.808  0.069  0.123
 115 K U   0.735  0.142  0.122
 116 Y U   0.707  0.142  0.152
 117 P U   0.756  0.120  0.124
 118 G U   0.844  0.065  0.092
 119 H S   0.443  0.100  0.457
 120 I S   0.252  0.095  0.653
 121 A S   0.329  0.078  0.592
 122 C S   0.423  0.028  0.549
 123 D U   0.560  0.034  0.405
 124 G U   0.672  0.224  0.104
 125 E U   0.747  0.132  0.121
 126 T U   0.788  0.099  0.113
 127 K U   0.679  0.161  0.160
 128 S U   0.528  0.083  0.389
 129 E S   0.222  0.107  0.670
 130 I S   0.108  0.074  0.818
 131 V S   0.071  0.042  0.887
 132 V S   0.050  0.051  0.898
 133 P S   0.044  0.082  0.874
 134 I S   0.149  0.119  0.733
 135 I S   0.201  0.091  0.708
 136 S S   0.341  0.066  0.592
 137 N U   0.840  0.052  0.108
 138 D U   0.901  0.044  0.055
 139 G U   0.907  0.032  0.061
 140 K S   0.185  0.025  0.789
 141 T S   0.126  0.030  0.844
 142 L S   0.195  0.049  0.756
 143 G S   0.149  0.064  0.787
 144 V S   0.071  0.034  0.895
 145 I S   0.089  0.067  0.844
 146 D S   0.173  0.074  0.753
 147 I U   0.652  0.135  0.213
 148 D U   0.775  0.087  0.138
 149 C U   0.770  0.112  0.118
 150 L U   0.698  0.155  0.148
 151 D U   0.754  0.128  0.118
 152 Y U   0.799  0.123  0.078
 153 E U   0.812  0.095  0.093
 154 G U   0.824  0.089  0.087
 155 F U   0.784  0.096  0.121
 156 D U   0.688  0.176  0.136
 157 H H   0.247  0.698  0.056
 158 V H   0.176  0.759  0.065
 159 D H   0.195  0.735  0.070
 160 K H   0.091  0.850  0.059
 161 E H   0.044  0.942  0.015
 162 F H   0.064  0.918  0.018
 163 L H   0.040  0.943  0.017
 164 E H   0.025  0.964  0.010
 165 K H   0.045  0.949  0.005
 166 L H   0.017  0.977  0.006
 167 A H   0.018  0.973  0.009
 168 K H   0.080  0.872  0.049
 169 L H   0.040  0.919  0.041
 170 I H   0.073  0.895  0.033
 171 N H   0.124  0.814  0.062
 172 K H   0.376  0.571  0.052
 173 S H   0.419  0.473  0.109
 174 C U   0.719  0.181  0.100
 175 V U   0.879  0.063  0.057
 176 F U   0.887  0.065  0.048
