   1 G C SO   0.084  0.099  0.374  0.058  0.032  0.093  0.045  0.049  0.166  0.207
   2 S C SO   0.078  0.111  0.311  0.057  0.040  0.098  0.074  0.049  0.182  0.130
   3 H E SO   0.066  0.095  0.180  0.058  0.063  0.113  0.081  0.078  0.264  0.084
   4 M E SO   0.078  0.070  0.148  0.067  0.057  0.180  0.068  0.118  0.214  0.034
   5 S H SO   0.107  0.080  0.169  0.068  0.054  0.208  0.040  0.097  0.178  0.030
   6 D H SO   0.129  0.074  0.148  0.064  0.058  0.321  0.034  0.068  0.104  0.174
   7 M H SO   0.076  0.056  0.116  0.059  0.056  0.405  0.058  0.084  0.090  0.289
   8 T H SO   0.085  0.063  0.121  0.046  0.052  0.401  0.061  0.107  0.062  0.280
   9 R H SO   0.062  0.060  0.121  0.056  0.053  0.488  0.047  0.068  0.043  0.367
  10 D H SO   0.054  0.082  0.138  0.052  0.039  0.490  0.063  0.058  0.025  0.352
  11 G H SO   0.047  0.055  0.156  0.060  0.049  0.488  0.051  0.063  0.032  0.332
  12 L H SO   0.052  0.042  0.131  0.058  0.058  0.510  0.041  0.080  0.028  0.379
  13 A H SO   0.035  0.058  0.116  0.060  0.057  0.502  0.067  0.078  0.027  0.386
  14 N H SO   0.037  0.037  0.111  0.058  0.066  0.507  0.092  0.056  0.037  0.396
  15 K H SO   0.028  0.034  0.094  0.061  0.072  0.495  0.121  0.043  0.052  0.374
  16 A H SO   0.065  0.027  0.088  0.064  0.074  0.497  0.071  0.043  0.071  0.409
  17 L H SO   0.060  0.027  0.057  0.062  0.075  0.492  0.078  0.042  0.108  0.384
  18 A H SO   0.054  0.027  0.061  0.074  0.061  0.410  0.077  0.043  0.193  0.217
  19 V H SO   0.032  0.032  0.046  0.066  0.074  0.420  0.130  0.029  0.172  0.248
  20 A H SO   0.053  0.031  0.053  0.070  0.046  0.421  0.123  0.039  0.163  0.257
  21 R H SO   0.049  0.024  0.057  0.074  0.057  0.394  0.085  0.057  0.202  0.192
  22 T H SO   0.047  0.024  0.060  0.069  0.048  0.352  0.076  0.097  0.227  0.125
  23 L H SO   0.067  0.024  0.067  0.064  0.044  0.383  0.052  0.111  0.186  0.197
  24 A H SO   0.161  0.034  0.186  0.057  0.027  0.296  0.029  0.101  0.107  0.110
  25 D C SO   0.118  0.051  0.286  0.061  0.030  0.268  0.032  0.065  0.089  0.018
  26 S C SO   0.142  0.042  0.318  0.067  0.027  0.269  0.026  0.057  0.052  0.050
  27 P H SO   0.124  0.037  0.202  0.063  0.041  0.390  0.027  0.071  0.045  0.187
  28 E H SO   0.135  0.031  0.156  0.056  0.040  0.423  0.029  0.073  0.058  0.267
  29 I H SO   0.065  0.039  0.095  0.057  0.061  0.390  0.053  0.089  0.152  0.238
  30 R H SO   0.059  0.030  0.066  0.058  0.071  0.426  0.066  0.058  0.165  0.261
  31 Q H SO   0.064  0.044  0.074  0.053  0.070  0.373  0.077  0.041  0.204  0.169
  32 G H SO   0.044  0.081  0.147  0.057  0.044  0.333  0.067  0.066  0.162  0.171
  33 L H SO   0.117  0.078  0.215  0.052  0.032  0.262  0.042  0.055  0.148  0.047
  34 Q C SO   0.080  0.119  0.321  0.056  0.030  0.125  0.039  0.079  0.153  0.169
  35 K C SO   0.077  0.103  0.404  0.055  0.023  0.120  0.026  0.102  0.090  0.284
  36 K C SO   0.098  0.093  0.454  0.060  0.020  0.134  0.021  0.059  0.062  0.320
  37 P C SO   0.054  0.104  0.498  0.059  0.025  0.140  0.021  0.049  0.050  0.358
  38 Q C SO   0.102  0.081  0.444  0.049  0.025  0.174  0.020  0.057  0.047  0.270
  39 E C SO   0.053  0.090  0.339  0.057  0.032  0.256  0.032  0.087  0.055  0.083
  40 S H SO   0.041  0.067  0.286  0.056  0.042  0.298  0.037  0.094  0.079  0.011
  41 G H SO   0.045  0.080  0.225  0.066  0.056  0.349  0.043  0.062  0.075  0.125
  42 I H SO   0.052  0.051  0.140  0.057  0.058  0.391  0.055  0.073  0.123  0.251
  43 Q H SO   0.037  0.053  0.080  0.048  0.067  0.426  0.073  0.051  0.164  0.262
  44 A H SO   0.041  0.029  0.067  0.067  0.095  0.443  0.061  0.034  0.163  0.280
  45 I H SO   0.027  0.034  0.058  0.056  0.088  0.503  0.062  0.052  0.119  0.384
  46 A H SO   0.023  0.034  0.058  0.068  0.072  0.501  0.043  0.077  0.123  0.379
  47 E H SO   0.022  0.054  0.072  0.063  0.078  0.527  0.053  0.043  0.089  0.438
  48 A H SO   0.032  0.036  0.084  0.089  0.064  0.535  0.032  0.070  0.057  0.445
  49 V H SO   0.026  0.031  0.099  0.069  0.055  0.514  0.040  0.096  0.070  0.415
  50 R H SO   0.021  0.031  0.131  0.075  0.049  0.426  0.042  0.147  0.078  0.279
  51 K H SO   0.031  0.038  0.182  0.074  0.051  0.381  0.045  0.111  0.086  0.199
  52 R H SO   0.089  0.030  0.179  0.086  0.069  0.346  0.037  0.084  0.081  0.167
  53 N C SO   0.049  0.050  0.339  0.068  0.074  0.230  0.041  0.047  0.102  0.109
  54 D C SO   0.052  0.041  0.237  0.087  0.091  0.191  0.063  0.053  0.184  0.047
  55 L E SO   0.019  0.023  0.108  0.113  0.087  0.183  0.082  0.073  0.311  0.128
  56 L E SO   0.021  0.022  0.086  0.083  0.054  0.141  0.129  0.059  0.404  0.263
  57 F E SO   0.028  0.017  0.044  0.094  0.051  0.098  0.095  0.106  0.468  0.362
  58 I E SO   0.023  0.018  0.041  0.114  0.043  0.099  0.107  0.077  0.479  0.365
  59 V E SO   0.030  0.021  0.054  0.089  0.057  0.087  0.118  0.044  0.500  0.382
  60 V E SO   0.056  0.024  0.073  0.077  0.037  0.088  0.078  0.055  0.512  0.425
  61 T E SO   0.034  0.032  0.153  0.081  0.051  0.112  0.059  0.072  0.406  0.253
  62 D C SO   0.053  0.043  0.279  0.075  0.039  0.163  0.067  0.044  0.237  0.042
  63 M H SO   0.049  0.044  0.250  0.108  0.068  0.262  0.050  0.050  0.120  0.012
  64 Q C SO   0.047  0.051  0.312  0.093  0.045  0.242  0.040  0.059  0.110  0.070
  65 S E SO   0.063  0.047  0.203  0.078  0.048  0.138  0.032  0.170  0.222  0.019
  66 L E SO   0.059  0.055  0.166  0.065  0.044  0.115  0.057  0.106  0.331  0.165
  67 R E SO   0.067  0.080  0.154  0.052  0.050  0.070  0.046  0.089  0.393  0.238
  68 Y E SO   0.041  0.080  0.160  0.043  0.032  0.056  0.040  0.179  0.369  0.190
  69 S E SO   0.035  0.084  0.234  0.048  0.025  0.054  0.029  0.176  0.316  0.082
  70 H C SO   0.044  0.174  0.326  0.047  0.026  0.057  0.027  0.097  0.201  0.124
  71 P C SO   0.083  0.136  0.337  0.063  0.046  0.108  0.041  0.074  0.113  0.201
  72 E C SO   0.078  0.080  0.336  0.065  0.059  0.151  0.040  0.067  0.125  0.185
  73 A H SO   0.043  0.049  0.244  0.059  0.091  0.302  0.050  0.061  0.101  0.058
  74 Q H SO   0.046  0.053  0.232  0.046  0.069  0.264  0.094  0.083  0.115  0.032
  75 R E SO   0.035  0.069  0.198  0.047  0.071  0.185  0.089  0.094  0.213  0.015
  76 I C SO   0.043  0.080  0.254  0.042  0.035  0.142  0.063  0.103  0.238  0.016
  77 G C SO   0.062  0.090  0.330  0.045  0.023  0.100  0.060  0.096  0.194  0.137
  78 Q E SO   0.031  0.111  0.273  0.047  0.020  0.046  0.062  0.098  0.312  0.039
  79 P E SO   0.054  0.093  0.219  0.048  0.023  0.064  0.080  0.090  0.329  0.110
  80 F E SO   0.042  0.092  0.206  0.049  0.026  0.058  0.073  0.130  0.325  0.119
  81 K C SO   0.026  0.080  0.263  0.045  0.022  0.036  0.035  0.251  0.241  0.012
  82 G C SO   0.099  0.095  0.392  0.048  0.023  0.064  0.027  0.088  0.165  0.227
  83 D C SO   0.045  0.108  0.445  0.050  0.022  0.077  0.038  0.082  0.133  0.313
  84 D C SO   0.098  0.089  0.396  0.057  0.029  0.131  0.030  0.076  0.093  0.266
  85 I C SO   0.077  0.072  0.272  0.053  0.050  0.258  0.035  0.068  0.116  0.014
  86 L H SO   0.034  0.079  0.167  0.049  0.050  0.368  0.067  0.092  0.096  0.201
  87 K H SO   0.030  0.071  0.136  0.061  0.079  0.349  0.075  0.049  0.150  0.199
  88 A H SO   0.056  0.060  0.103  0.064  0.080  0.355  0.069  0.052  0.161  0.194
  89 L H SO   0.052  0.061  0.140  0.047  0.051  0.303  0.150  0.036  0.160  0.143
  90 N C SO   0.063  0.114  0.297  0.071  0.044  0.135  0.067  0.062  0.146  0.151
  91 G C SO   0.041  0.101  0.355  0.071  0.047  0.094  0.053  0.079  0.158  0.198
  92 E C SO   0.037  0.072  0.281  0.077  0.055  0.099  0.073  0.085  0.221  0.059
  93 E E SO   0.048  0.074  0.173  0.062  0.066  0.063  0.047  0.127  0.338  0.165
  94 N E SO   0.039  0.050  0.100  0.062  0.066  0.059  0.046  0.196  0.384  0.188
  95 V E SO   0.025  0.043  0.069  0.058  0.047  0.038  0.060  0.249  0.412  0.163
  96 A E SO   0.022  0.049  0.081  0.071  0.070  0.060  0.045  0.163  0.438  0.275
  97 I E SO   0.032  0.043  0.064  0.067  0.076  0.079  0.037  0.239  0.364  0.124
  98 N E SO   0.017  0.045  0.112  0.066  0.069  0.073  0.049  0.196  0.373  0.177
  99 R E SO   0.017  0.087  0.155  0.079  0.057  0.074  0.058  0.158  0.316  0.158
 100 G E SO   0.027  0.088  0.226  0.089  0.049  0.064  0.068  0.129  0.260  0.034
 101 F E SO   0.035  0.054  0.197  0.092  0.062  0.077  0.061  0.119  0.302  0.105
 102 L E SO   0.043  0.068  0.217  0.083  0.048  0.086  0.126  0.050  0.279  0.062
 103 A E SO   0.061  0.048  0.120  0.062  0.064  0.138  0.160  0.038  0.308  0.148
 104 Q E SO   0.037  0.024  0.075  0.058  0.107  0.179  0.177  0.035  0.308  0.128
 105 A E SO   0.070  0.024  0.049  0.068  0.076  0.161  0.170  0.061  0.321  0.151
 106 L E SO   0.033  0.018  0.042  0.069  0.083  0.127  0.237  0.052  0.339  0.101
 107 R E SO   0.028  0.025  0.051  0.065  0.071  0.099  0.201  0.057  0.404  0.202
 108 V E SO   0.059  0.059  0.092  0.056  0.044  0.073  0.152  0.059  0.405  0.253
 109 F E SO   0.060  0.038  0.097  0.062  0.038  0.063  0.109  0.136  0.397  0.261
 110 T E SO   0.068  0.088  0.211  0.070  0.036  0.045  0.035  0.169  0.278  0.067
 111 P E SO   0.060  0.131  0.212  0.081  0.047  0.076  0.030  0.126  0.237  0.025
 112 I C SO   0.062  0.112  0.241  0.073  0.048  0.112  0.028  0.105  0.217  0.024
 113 Y E SO   0.050  0.114  0.184  0.071  0.085  0.099  0.023  0.099  0.275  0.091
 114 D C SO   0.054  0.184  0.331  0.063  0.044  0.089  0.021  0.079  0.134  0.147
 115 E C SO   0.048  0.243  0.273  0.079  0.078  0.129  0.021  0.062  0.067  0.030
 116 N C SO   0.050  0.189  0.340  0.084  0.058  0.109  0.023  0.069  0.077  0.151
 117 H C SO   0.085  0.086  0.342  0.068  0.055  0.118  0.022  0.080  0.143  0.199
 118 K E SO   0.046  0.051  0.248  0.075  0.052  0.080  0.028  0.162  0.258  0.010
 119 Q E SO   0.031  0.040  0.131  0.079  0.048  0.095  0.053  0.099  0.425  0.294
 120 I E SO   0.039  0.028  0.089  0.079  0.061  0.073  0.095  0.066  0.472  0.377
 121 G E SO   0.036  0.027  0.072  0.073  0.052  0.057  0.147  0.053  0.483  0.336
 122 V E SO   0.021  0.025  0.049  0.094  0.051  0.085  0.174  0.041  0.458  0.284
 123 V E SO   0.023  0.020  0.041  0.088  0.055  0.090  0.174  0.033  0.476  0.301
 124 A E SO   0.023  0.018  0.051  0.105  0.054  0.078  0.205  0.042  0.423  0.217
 125 I E SO   0.025  0.021  0.070  0.113  0.047  0.133  0.120  0.063  0.408  0.276
 126 G E SO   0.045  0.029  0.099  0.101  0.046  0.117  0.146  0.038  0.379  0.233
 127 L E SO   0.046  0.033  0.114  0.087  0.047  0.137  0.101  0.064  0.370  0.233
 128 E E SO   0.040  0.033  0.156  0.100  0.049  0.114  0.038  0.128  0.342  0.186
 129 L E SO   0.050  0.038  0.154  0.085  0.043  0.199  0.029  0.155  0.246  0.047
 130 S C SO   0.067  0.057  0.246  0.075  0.047  0.188  0.030  0.115  0.174  0.058
 131 R C SO   0.044  0.076  0.220  0.077  0.067  0.177  0.023  0.120  0.196  0.024
 132 V H SO   0.039  0.060  0.149  0.072  0.082  0.228  0.031  0.127  0.211  0.017
 133 T H SO   0.057  0.060  0.121  0.060  0.089  0.292  0.034  0.079  0.208  0.084
 134 Q H SO   0.041  0.061  0.114  0.056  0.112  0.261  0.038  0.098  0.218  0.043
 135 Q H SO   0.031  0.062  0.104  0.059  0.082  0.238  0.043  0.180  0.201  0.037
 136 I H SO   0.047  0.080  0.113  0.048  0.096  0.245  0.064  0.102  0.204  0.042
 137 N H SO   0.037  0.088  0.175  0.062  0.079  0.269  0.050  0.105  0.136  0.094
 138 D C SO   0.066  0.104  0.296  0.056  0.053  0.230  0.042  0.065  0.088  0.066
 139 S C SO   0.039  0.109  0.369  0.048  0.049  0.198  0.036  0.065  0.087  0.171
 140 R C SO   0.047  0.103  0.343  0.052  0.062  0.181  0.032  0.078  0.100  0.162
