   1 G C   0.974  0.018  0.008
   2 S C   0.863  0.053  0.084
   3 H C   0.736  0.130  0.134
   4 M C   0.640  0.302  0.057
   5 S H   0.455  0.515  0.030
   6 D C   0.495  0.468  0.037
   7 M C   0.471  0.455  0.073
   8 T C   0.529  0.373  0.097
   9 R H   0.448  0.485  0.067
  10 D H   0.457  0.510  0.033
  11 G C   0.505  0.459  0.036
  12 L H   0.389  0.570  0.041
  13 A H   0.262  0.703  0.035
  14 N H   0.245  0.723  0.033
  15 K H   0.159  0.818  0.023
  16 A H   0.116  0.864  0.020
  17 L H   0.090  0.879  0.030
  18 A H   0.062  0.907  0.031
  19 V H   0.081  0.860  0.059
  20 A H   0.086  0.867  0.047
  21 R H   0.117  0.840  0.044
  22 T H   0.145  0.808  0.047
  23 L H   0.294  0.670  0.036
  24 A C   0.495  0.485  0.020
  25 D C   0.646  0.332  0.021
  26 S C   0.664  0.319  0.017
  27 P H   0.190  0.801  0.008
  28 E H   0.150  0.834  0.015
  29 I H   0.122  0.851  0.026
  30 R H   0.150  0.834  0.016
  31 Q H   0.187  0.799  0.014
  32 G H   0.451  0.525  0.023
  33 L C   0.542  0.389  0.069
  34 Q C   0.633  0.240  0.126
  35 K C   0.667  0.201  0.131
  36 K C   0.834  0.114  0.052
  37 P C   0.775  0.185  0.041
  38 Q C   0.695  0.264  0.042
  39 E H   0.441  0.525  0.035
  40 S H   0.418  0.556  0.026
  41 G H   0.360  0.616  0.024
  42 I H   0.180  0.788  0.031
  43 Q H   0.098  0.874  0.028
  44 A H   0.061  0.917  0.022
  45 I H   0.066  0.907  0.027
  46 A H   0.043  0.946  0.011
  47 E H   0.043  0.946  0.011
  48 A H   0.062  0.918  0.021
  49 V H   0.100  0.873  0.026
  50 R H   0.194  0.774  0.033
  51 K H   0.321  0.643  0.037
  52 R C   0.509  0.462  0.030
  53 N C   0.759  0.215  0.026
  54 D C   0.798  0.125  0.077
  55 L C   0.494  0.122  0.383
  56 L E   0.189  0.062  0.749
  57 F E   0.041  0.036  0.923
  58 I E   0.022  0.036  0.942
  59 V E   0.031  0.040  0.930
  60 V E   0.106  0.054  0.840
  61 T E   0.400  0.071  0.529
  62 D C   0.578  0.124  0.298
  63 M C   0.491  0.349  0.160
  64 Q H   0.403  0.484  0.113
  65 S H   0.390  0.467  0.144
  66 L C   0.475  0.338  0.186
  67 R C   0.548  0.263  0.189
  68 Y C   0.641  0.203  0.157
  69 S C   0.788  0.128  0.083
  70 H C   0.857  0.106  0.037
  71 P C   0.492  0.486  0.023
  72 E H   0.369  0.606  0.025
  73 A H   0.260  0.696  0.044
  74 Q H   0.334  0.596  0.070
  75 R H   0.422  0.489  0.090
  76 I C   0.472  0.447  0.081
  77 G C   0.881  0.085  0.035
  78 Q C   0.862  0.058  0.079
  79 P C   0.842  0.055  0.102
  80 F C   0.811  0.070  0.119
  81 K C   0.869  0.054  0.078
  82 G C   0.848  0.114  0.039
  83 D H   0.470  0.499  0.032
  84 D H   0.235  0.734  0.030
  85 I H   0.133  0.829  0.038
  86 L H   0.146  0.806  0.048
  87 K H   0.173  0.772  0.055
  88 A H   0.200  0.750  0.050
  89 L H   0.324  0.626  0.050
  90 N C   0.581  0.375  0.044
  91 G C   0.744  0.210  0.046
  92 E C   0.739  0.200  0.060
  93 E C   0.614  0.275  0.111
  94 N C   0.503  0.290  0.206
  95 V C   0.371  0.258  0.371
  96 A E   0.324  0.291  0.385
  97 I H   0.342  0.350  0.307
  98 N C   0.433  0.366  0.200
  99 R H   0.297  0.649  0.055
 100 G H   0.322  0.641  0.039
 101 F H   0.255  0.681  0.063
 102 L H   0.156  0.800  0.044
 103 A H   0.133  0.835  0.032
 104 Q H   0.148  0.819  0.034
 105 A H   0.160  0.793  0.048
 106 L H   0.234  0.655  0.111
 107 R H   0.270  0.528  0.202
 108 V H   0.261  0.472  0.267
 109 F C   0.375  0.371  0.254
 110 T C   0.567  0.226  0.208
 111 P C   0.598  0.201  0.201
 112 I C   0.542  0.233  0.225
 113 Y C   0.595  0.185  0.219
 114 D C   0.638  0.244  0.119
 115 E C   0.653  0.296  0.051
 116 N C   0.701  0.252  0.047
 117 H C   0.625  0.247  0.128
 118 K C   0.605  0.184  0.211
 119 Q E   0.341  0.172  0.488
 120 I E   0.294  0.159  0.546
 121 G E   0.298  0.069  0.632
 122 V E   0.117  0.038  0.846
 123 V E   0.078  0.040  0.880
 124 A E   0.077  0.054  0.870
 125 I E   0.116  0.074  0.811
 126 G E   0.252  0.060  0.688
 127 L E   0.236  0.075  0.690
 128 E E   0.241  0.092  0.667
 129 L E   0.282  0.145  0.573
 130 S C   0.433  0.149  0.418
 131 R E   0.386  0.211  0.403
 132 V E   0.305  0.245  0.451
 133 T E   0.260  0.365  0.375
 134 Q E   0.291  0.267  0.442
 135 Q E   0.336  0.278  0.387
 136 I C   0.460  0.261  0.279
 137 N C   0.621  0.242  0.137
 138 D C   0.736  0.170  0.093
 139 S C   0.847  0.110  0.043
 140 R C   0.998  0.002  0.002
