# TARGET SEQUENCE
# Using neural net overrep-3617-IDaa13-7-10-11-10-11-7-7-ebghtl-seeded3-stride-trained.net
# This is a 4-layer network, with 
#	window	units
#	    7	   10
#	   11	   10
#	   11	    7
#	    7	    6 (1 EBGHTL )
# The input amino acid frequencies were determined from
# alignment ./1fms_.fasta
# with weighted counts, using EntropyWeight(1.4 bits/column, 10)
# The weighting was determined by the posterior distribution
# after regularizing with /sb/meiler/scripts/sequence_analysis/sam/recode3.20comp.
# Counts were regularized to probabilities using
# /sb/meiler/scripts/sequence_analysis/sam/recode3.20comp
# Total sequence weight for alignment was 1
#
Pos	AA	E	B	G	H	T	C
10N	1S	5N	5N	5N	5N	5N	5N
1	G	0.007	0.001	0.001	0.017	0.119	0.855
2	S	0.055	0.029	0.009	0.044	0.155	0.708
3	H	0.080	0.054	0.027	0.103	0.239	0.497
4	M	0.045	0.012	0.110	0.192	0.378	0.262
5	S	0.025	0.005	0.165	0.350	0.313	0.142
6	D	0.030	0.007	0.132	0.336	0.344	0.151
7	M	0.054	0.019	0.089	0.366	0.287	0.184
8	T	0.072	0.025	0.053	0.320	0.301	0.228
9	R	0.055	0.012	0.082	0.403	0.307	0.141
10	D	0.026	0.007	0.082	0.428	0.308	0.149
11	G	0.027	0.009	0.067	0.392	0.340	0.165
12	L	0.031	0.010	0.048	0.522	0.251	0.138
13	A	0.027	0.008	0.051	0.652	0.169	0.093
14	N	0.025	0.008	0.050	0.673	0.166	0.079
15	K	0.019	0.004	0.032	0.786	0.099	0.060
16	A	0.017	0.003	0.021	0.843	0.061	0.055
17	L	0.027	0.003	0.019	0.860	0.048	0.042
18	A	0.028	0.003	0.016	0.891	0.035	0.027
19	V	0.055	0.004	0.021	0.839	0.045	0.036
20	A	0.044	0.003	0.022	0.845	0.049	0.037
21	R	0.040	0.004	0.023	0.817	0.066	0.051
22	T	0.041	0.006	0.030	0.778	0.084	0.061
23	L	0.029	0.007	0.055	0.615	0.212	0.082
24	A	0.015	0.005	0.062	0.423	0.356	0.139
25	D	0.011	0.010	0.036	0.296	0.360	0.286
26	S	0.009	0.008	0.024	0.295	0.309	0.355
27	P	0.005	0.003	0.040	0.761	0.103	0.087
28	E	0.011	0.004	0.082	0.752	0.102	0.048
29	I	0.015	0.011	0.085	0.766	0.090	0.032
30	R	0.011	0.005	0.061	0.773	0.118	0.032
31	Q	0.011	0.003	0.056	0.743	0.135	0.052
32	G	0.018	0.005	0.052	0.473	0.248	0.203
33	L	0.049	0.020	0.053	0.336	0.274	0.268
34	Q	0.096	0.030	0.034	0.206	0.244	0.389
35	K	0.098	0.033	0.032	0.169	0.245	0.422
36	K	0.039	0.013	0.021	0.093	0.309	0.525
37	P	0.031	0.010	0.050	0.135	0.409	0.366
38	Q	0.029	0.013	0.062	0.202	0.372	0.323
39	E	0.024	0.011	0.096	0.429	0.302	0.139
40	S	0.018	0.008	0.035	0.521	0.209	0.209
41	G	0.019	0.005	0.022	0.594	0.156	0.204
42	I	0.024	0.007	0.019	0.769	0.083	0.097
43	Q	0.024	0.004	0.017	0.857	0.049	0.049
44	A	0.019	0.003	0.019	0.898	0.037	0.024
45	I	0.024	0.003	0.023	0.884	0.037	0.029
46	A	0.010	0.001	0.015	0.931	0.025	0.018
47	E	0.010	0.001	0.015	0.931	0.026	0.017
48	A	0.019	0.002	0.018	0.900	0.035	0.027
49	V	0.023	0.003	0.023	0.850	0.053	0.047
50	R	0.029	0.004	0.027	0.747	0.099	0.095
51	K	0.031	0.006	0.040	0.603	0.172	0.149
52	R	0.024	0.006	0.055	0.407	0.312	0.197
53	N	0.023	0.003	0.040	0.175	0.483	0.276
54	D	0.073	0.004	0.026	0.099	0.461	0.337
55	L	0.373	0.010	0.019	0.103	0.214	0.280
56	L	0.743	0.006	0.008	0.054	0.053	0.136
57	F	0.921	0.002	0.004	0.032	0.011	0.030
58	I	0.940	0.002	0.003	0.033	0.006	0.016
59	V	0.927	0.003	0.004	0.036	0.010	0.021
60	V	0.836	0.004	0.007	0.047	0.039	0.067
61	T	0.521	0.008	0.014	0.057	0.148	0.252
62	D	0.287	0.011	0.037	0.087	0.291	0.287
63	M	0.150	0.010	0.159	0.190	0.324	0.167
64	Q	0.105	0.008	0.226	0.258	0.264	0.139
65	S	0.135	0.009	0.199	0.268	0.259	0.131
66	L	0.169	0.017	0.082	0.256	0.237	0.238
67	R	0.173	0.016	0.051	0.212	0.261	0.287
68	Y	0.136	0.021	0.041	0.162	0.295	0.346
69	S	0.060	0.023	0.023	0.105	0.259	0.529
70	H	0.025	0.012	0.022	0.084	0.343	0.514
71	P	0.016	0.007	0.116	0.370	0.305	0.187
72	E	0.018	0.007	0.177	0.429	0.252	0.117
73	A	0.035	0.009	0.303	0.393	0.203	0.057
74	Q	0.055	0.015	0.134	0.462	0.207	0.127
75	R	0.075	0.015	0.105	0.384	0.264	0.158
76	I	0.061	0.020	0.048	0.399	0.230	0.242
77	G	0.027	0.008	0.015	0.070	0.292	0.589
78	Q	0.062	0.017	0.023	0.035	0.376	0.486
79	P	0.083	0.019	0.027	0.028	0.316	0.526
80	F	0.079	0.040	0.038	0.032	0.395	0.416
81	K	0.051	0.027	0.019	0.035	0.354	0.515
82	G	0.026	0.013	0.026	0.088	0.360	0.488
83	D	0.024	0.008	0.063	0.436	0.291	0.179
84	D	0.024	0.006	0.066	0.668	0.140	0.095
85	I	0.030	0.008	0.078	0.751	0.093	0.040
86	L	0.040	0.008	0.086	0.720	0.103	0.043
87	K	0.050	0.005	0.087	0.685	0.124	0.049
88	A	0.043	0.007	0.081	0.669	0.143	0.057
89	L	0.038	0.012	0.046	0.580	0.192	0.132
90	N	0.034	0.010	0.029	0.346	0.314	0.267
91	G	0.037	0.009	0.027	0.183	0.366	0.378
92	E	0.051	0.009	0.048	0.152	0.405	0.334
93	E	0.100	0.011	0.073	0.202	0.370	0.244
94	N	0.191	0.015	0.054	0.236	0.276	0.227
95	V	0.353	0.018	0.038	0.220	0.181	0.190
96	A	0.366	0.019	0.032	0.259	0.135	0.189
97	I	0.285	0.022	0.040	0.310	0.151	0.191
98	N	0.185	0.015	0.051	0.315	0.233	0.200
99	R	0.051	0.004	0.092	0.557	0.200	0.097
100	G	0.035	0.004	0.069	0.572	0.210	0.112
101	F	0.053	0.010	0.059	0.622	0.163	0.092
102	L	0.036	0.008	0.052	0.748	0.100	0.056
103	A	0.029	0.003	0.068	0.767	0.091	0.042
104	Q	0.031	0.003	0.076	0.743	0.100	0.048
105	A	0.044	0.004	0.060	0.733	0.093	0.067
106	L	0.105	0.006	0.042	0.613	0.109	0.125
107	R	0.195	0.007	0.033	0.495	0.115	0.155
108	V	0.256	0.011	0.030	0.442	0.102	0.159
109	F	0.242	0.012	0.032	0.339	0.146	0.229
110	T	0.200	0.008	0.032	0.194	0.220	0.347
111	P	0.193	0.008	0.035	0.166	0.227	0.371
112	I	0.206	0.019	0.050	0.183	0.240	0.302
113	Y	0.186	0.033	0.032	0.153	0.267	0.328
114	D	0.101	0.018	0.066	0.178	0.477	0.161
115	E	0.044	0.007	0.096	0.200	0.537	0.116
116	N	0.041	0.006	0.104	0.148	0.570	0.131
117	H	0.114	0.014	0.101	0.146	0.473	0.152
118	K	0.196	0.015	0.046	0.138	0.265	0.340
119	Q	0.471	0.017	0.042	0.130	0.151	0.190
120	I	0.534	0.012	0.023	0.136	0.101	0.193
121	G	0.628	0.004	0.014	0.055	0.085	0.213
122	V	0.842	0.004	0.009	0.029	0.033	0.084
123	V	0.876	0.004	0.008	0.032	0.025	0.053
124	A	0.865	0.005	0.009	0.045	0.033	0.044
125	I	0.807	0.004	0.011	0.063	0.047	0.069
126	G	0.684	0.004	0.011	0.049	0.096	0.156
127	L	0.684	0.006	0.014	0.061	0.095	0.141
128	E	0.655	0.012	0.014	0.078	0.084	0.157
129	L	0.562	0.011	0.030	0.115	0.125	0.157
130	S	0.411	0.007	0.028	0.121	0.188	0.245
131	R	0.398	0.005	0.040	0.171	0.192	0.194
132	V	0.442	0.009	0.024	0.221	0.134	0.171
133	T	0.364	0.011	0.022	0.343	0.118	0.142
134	Q	0.432	0.010	0.017	0.250	0.116	0.175
135	Q	0.377	0.010	0.029	0.249	0.113	0.223
136	I	0.266	0.013	0.045	0.216	0.201	0.259
137	N	0.128	0.009	0.040	0.202	0.253	0.368
138	D	0.078	0.015	0.037	0.133	0.221	0.515
139	S	0.031	0.012	0.014	0.096	0.169	0.678
140	R	0.001	0.001	0.001	0.001	0.025	0.973

