   1 G C   0.899  0.048  0.053
   2 S C   0.870  0.061  0.069
   3 H C   0.831  0.098  0.072
   4 M C   0.787  0.173  0.040
   5 S C   0.693  0.230  0.076
   6 D H   0.470  0.494  0.037
   7 M H   0.266  0.691  0.043
   8 T H   0.308  0.653  0.039
   9 R H   0.082  0.903  0.015
  10 D H   0.112  0.860  0.028
  11 G H   0.110  0.876  0.014
  12 L H   0.036  0.957  0.007
  13 A H   0.054  0.942  0.004
  14 N H   0.097  0.889  0.014
  15 K H   0.066  0.911  0.022
  16 A H   0.035  0.956  0.009
  17 L H   0.061  0.934  0.004
  18 A H   0.056  0.905  0.039
  19 V H   0.043  0.929  0.028
  20 A H   0.066  0.892  0.042
  21 R H   0.113  0.842  0.045
  22 T H   0.104  0.828  0.069
  23 L H   0.213  0.715  0.072
  24 A H   0.279  0.657  0.064
  25 D C   0.547  0.368  0.084
  26 S C   0.828  0.093  0.079
  27 P C   0.573  0.356  0.071
  28 E H   0.365  0.482  0.153
  29 I H   0.176  0.755  0.069
  30 R H   0.142  0.777  0.081
  31 Q H   0.076  0.849  0.074
  32 G H   0.074  0.845  0.081
  33 L H   0.237  0.703  0.060
  34 Q C   0.559  0.357  0.083
  35 K C   0.699  0.226  0.075
  36 K C   0.824  0.093  0.082
  37 P C   0.847  0.073  0.080
  38 Q C   0.684  0.278  0.038
  39 E H   0.227  0.691  0.082
  40 S H   0.211  0.700  0.089
  41 G H   0.148  0.812  0.040
  42 I H   0.166  0.754  0.079
  43 Q H   0.104  0.852  0.044
  44 A H   0.052  0.931  0.017
  45 I H   0.043  0.943  0.013
  46 A H   0.074  0.894  0.032
  47 E H   0.135  0.832  0.033
  48 A H   0.084  0.886  0.030
  49 V H   0.171  0.807  0.022
  50 R H   0.149  0.805  0.046
  51 K H   0.142  0.748  0.109
  52 R H   0.394  0.516  0.091
  53 N C   0.477  0.431  0.092
  54 D C   0.835  0.074  0.091
  55 L E   0.286  0.137  0.576
  56 L C   0.485  0.134  0.381
  57 F E   0.030  0.057  0.914
  58 I E   0.048  0.083  0.869
  59 V E   0.051  0.098  0.852
  60 V E   0.049  0.105  0.846
  61 T E   0.164  0.252  0.584
  62 D E   0.425  0.075  0.500
  63 M C   0.787  0.147  0.067
  64 Q C   0.795  0.130  0.075
  65 S C   0.596  0.164  0.240
  66 L E   0.432  0.055  0.512
  67 R E   0.253  0.086  0.662
  68 Y E   0.268  0.168  0.564
  69 S C   0.557  0.062  0.382
  70 H C   0.657  0.020  0.323
  71 P C   0.797  0.074  0.129
  72 E C   0.672  0.152  0.176
  73 A C   0.725  0.138  0.137
  74 Q C   0.622  0.247  0.132
  75 R C   0.621  0.215  0.164
  76 I C   0.666  0.161  0.173
  77 G C   0.809  0.079  0.111
  78 Q C   0.600  0.110  0.290
  79 P C   0.681  0.115  0.204
  80 F C   0.639  0.076  0.285
  81 K C   0.591  0.047  0.362
  82 G C   0.794  0.067  0.139
  83 D C   0.771  0.080  0.149
  84 D C   0.697  0.135  0.168
  85 I C   0.568  0.241  0.191
  86 L C   0.426  0.375  0.200
  87 K C   0.525  0.269  0.206
  88 A C   0.395  0.322  0.283
  89 L H   0.367  0.434  0.200
  90 N H   0.372  0.451  0.177
  91 G C   0.707  0.141  0.152
  92 E C   0.487  0.155  0.358
  93 E E   0.298  0.122  0.580
  94 N E   0.308  0.171  0.521
  95 V E   0.193  0.109  0.698
  96 A E   0.144  0.129  0.727
  97 I E   0.256  0.180  0.565
  98 N E   0.286  0.076  0.638
  99 R C   0.493  0.192  0.314
 100 G C   0.735  0.138  0.127
 101 F C   0.552  0.261  0.187
 102 L C   0.508  0.392  0.101
 103 A C   0.501  0.241  0.258
 104 Q E   0.302  0.214  0.484
 105 A E   0.155  0.213  0.633
 106 L H   0.124  0.496  0.380
 107 R E   0.188  0.323  0.490
 108 V E   0.252  0.240  0.509
 109 F E   0.321  0.170  0.510
 110 T E   0.357  0.130  0.513
 111 P E   0.191  0.070  0.739
 112 I C   0.463  0.203  0.334
 113 Y C   0.487  0.090  0.423
 114 D C   0.593  0.138  0.269
 115 E C   0.723  0.155  0.122
 116 N C   0.886  0.054  0.061
 117 H C   0.798  0.103  0.099
 118 K E   0.267  0.036  0.697
 119 Q E   0.296  0.094  0.610
 120 I E   0.215  0.144  0.641
 121 G E   0.306  0.074  0.620
 122 V E   0.070  0.045  0.885
 123 V E   0.064  0.071  0.865
 124 A E   0.076  0.061  0.863
 125 I E   0.269  0.130  0.602
 126 G E   0.311  0.153  0.536
 127 L C   0.552  0.213  0.235
 128 E H   0.330  0.475  0.195
 129 L C   0.517  0.360  0.123
 130 S H   0.267  0.674  0.059
 131 R H   0.227  0.719  0.054
 132 V H   0.163  0.794  0.043
 133 T H   0.112  0.856  0.032
 134 Q H   0.220  0.756  0.024
 135 Q H   0.138  0.839  0.023
 136 I H   0.162  0.818  0.020
 137 N H   0.426  0.522  0.052
 138 D C   0.698  0.251  0.051
 139 S C   0.738  0.220  0.043
 140 R C   0.870  0.105  0.025
