   1 G U   0.908  0.044  0.049
   2 S U   0.867  0.061  0.072
   3 H U   0.824  0.101  0.075
   4 M U   0.703  0.248  0.049
   5 S U   0.682  0.233  0.084
   6 D U   0.590  0.364  0.046
   7 M H   0.294  0.667  0.039
   8 T H   0.359  0.604  0.038
   9 R H   0.123  0.853  0.024
  10 D H   0.127  0.843  0.030
  11 G H   0.135  0.846  0.019
  12 L H   0.041  0.952  0.007
  13 A H   0.083  0.914  0.003
  14 N H   0.081  0.909  0.010
  15 K H   0.065  0.913  0.022
  16 A H   0.033  0.959  0.008
  17 L H   0.066  0.929  0.005
  18 A H   0.038  0.937  0.025
  19 V H   0.049  0.937  0.014
  20 A H   0.035  0.942  0.023
  21 R H   0.091  0.877  0.032
  22 T H   0.072  0.877  0.051
  23 L H   0.123  0.815  0.061
  24 A H   0.218  0.713  0.068
  25 D U   0.474  0.451  0.075
  26 S U   0.792  0.124  0.084
  27 P H   0.358  0.601  0.041
  28 E H   0.308  0.617  0.075
  29 I H   0.153  0.823  0.024
  30 R H   0.096  0.872  0.032
  31 Q H   0.071  0.872  0.057
  32 G H   0.047  0.907  0.045
  33 L H   0.141  0.830  0.029
  34 Q H   0.457  0.468  0.074
  35 K U   0.649  0.291  0.060
  36 K U   0.823  0.093  0.084
  37 P U   0.849  0.070  0.081
  38 Q U   0.749  0.195  0.056
  39 E H   0.305  0.613  0.083
  40 S H   0.260  0.640  0.100
  41 G H   0.202  0.744  0.054
  42 I H   0.198  0.688  0.114
  43 Q H   0.110  0.833  0.056
  44 A H   0.059  0.920  0.021
  45 I H   0.050  0.935  0.015
  46 A H   0.070  0.896  0.034
  47 E H   0.123  0.842  0.035
  48 A H   0.085  0.884  0.031
  49 V H   0.161  0.815  0.024
  50 R H   0.147  0.801  0.052
  51 K H   0.169  0.691  0.140
  52 R H   0.394  0.515  0.091
  53 N H   0.439  0.453  0.109
  54 D U   0.849  0.061  0.090
  55 L S   0.279  0.122  0.599
  56 L S   0.440  0.101  0.459
  57 F S   0.023  0.042  0.935
  58 I S   0.052  0.071  0.877
  59 V S   0.053  0.083  0.864
  60 V S   0.067  0.103  0.830
  61 T S   0.171  0.241  0.588
  62 D S   0.463  0.061  0.476
  63 M U   0.743  0.169  0.088
  64 Q U   0.804  0.122  0.074
  65 S U   0.582  0.179  0.238
  66 L S   0.395  0.054  0.551
  67 R S   0.233  0.076  0.690
  68 Y S   0.274  0.143  0.583
  69 S U   0.533  0.055  0.412
  70 H U   0.626  0.018  0.356
  71 P U   0.782  0.067  0.150
  72 E U   0.669  0.149  0.182
  73 A U   0.705  0.151  0.144
  74 Q U   0.617  0.246  0.137
  75 R U   0.618  0.230  0.152
  76 I U   0.684  0.155  0.161
  77 G U   0.822  0.072  0.106
  78 Q U   0.595  0.090  0.315
  79 P U   0.684  0.100  0.215
  80 F U   0.635  0.052  0.313
  81 K U   0.568  0.040  0.393
  82 G U   0.816  0.053  0.131
  83 D U   0.799  0.078  0.123
  84 D U   0.730  0.119  0.151
  85 I U   0.602  0.239  0.159
  86 L U   0.406  0.431  0.162
  87 K U   0.520  0.281  0.199
  88 A U   0.387  0.316  0.297
  89 L H   0.340  0.470  0.191
  90 N H   0.335  0.513  0.152
  91 G U   0.735  0.130  0.135
  92 E U   0.496  0.178  0.326
  93 E S   0.316  0.133  0.550
  94 N S   0.253  0.172  0.575
  95 V S   0.163  0.110  0.726
  96 A S   0.142  0.136  0.722
  97 I S   0.214  0.198  0.588
  98 N S   0.224  0.093  0.682
  99 R U   0.500  0.190  0.311
 100 G U   0.756  0.127  0.118
 101 F U   0.531  0.294  0.175
 102 L U   0.489  0.418  0.093
 103 A U   0.487  0.294  0.218
 104 Q S   0.309  0.260  0.431
 105 A S   0.146  0.232  0.622
 106 L S   0.103  0.603  0.294
 107 R S   0.162  0.331  0.507
 108 V S   0.229  0.234  0.537
 109 F S   0.370  0.204  0.426
 110 T S   0.227  0.100  0.673
 111 P S   0.194  0.085  0.720
 112 I U   0.506  0.189  0.304
 113 Y U   0.587  0.089  0.324
 114 D U   0.638  0.114  0.248
 115 E U   0.732  0.139  0.129
 116 N U   0.882  0.052  0.066
 117 H U   0.819  0.083  0.099
 118 K S   0.262  0.040  0.698
 119 Q S   0.271  0.091  0.638
 120 I S   0.169  0.099  0.731
 121 G S   0.180  0.077  0.743
 122 V S   0.052  0.032  0.916
 123 V S   0.051  0.055  0.894
 124 A S   0.075  0.053  0.873
 125 I S   0.191  0.127  0.682
 126 G S   0.271  0.146  0.582
 127 L U   0.538  0.206  0.256
 128 E H   0.292  0.430  0.277
 129 L H   0.389  0.443  0.167
 130 S H   0.306  0.609  0.085
 131 R H   0.235  0.687  0.078
 132 V H   0.212  0.704  0.084
 133 T H   0.178  0.693  0.129
 134 Q H   0.201  0.726  0.073
 135 Q H   0.102  0.812  0.086
 136 I H   0.132  0.798  0.070
 137 N U   0.482  0.371  0.147
 138 D U   0.710  0.145  0.145
 139 S U   0.829  0.086  0.085
 140 R U   0.904  0.056  0.041
