   1 M U   0.948  0.032  0.021
   2 P U   0.724  0.126  0.151
   3 I U   0.632  0.163  0.205
   4 F H   0.205  0.611  0.183
   5 R H   0.170  0.582  0.247
   6 F H   0.067  0.622  0.311
   7 T H   0.172  0.532  0.295
   8 A H   0.098  0.686  0.215
   9 L H   0.100  0.785  0.115
  10 A H   0.155  0.575  0.270
  11 M H   0.416  0.363  0.221
  12 T H   0.256  0.503  0.241
  13 L H   0.336  0.558  0.106
  14 G U   0.449  0.343  0.207
  15 L U   0.545  0.258  0.197
  16 L U   0.467  0.277  0.256
  17 S U   0.387  0.321  0.292
  18 A U   0.523  0.259  0.218
  19 P U   0.525  0.277  0.198
  20 Y U   0.517  0.293  0.190
  21 N U   0.602  0.231  0.166
  22 A U   0.456  0.406  0.137
  23 M U   0.379  0.374  0.247
  24 A U   0.429  0.318  0.253
  25 A U   0.603  0.259  0.138
  26 T U   0.732  0.168  0.100
  27 S U   0.802  0.091  0.107
  28 N U   0.834  0.071  0.096
  29 P U   0.780  0.095  0.125
  30 A U   0.760  0.074  0.166
  31 F U   0.786  0.082  0.132
  32 D U   0.760  0.107  0.132
  33 P H   0.399  0.498  0.103
  34 K H   0.391  0.453  0.156
  35 N H   0.548  0.293  0.160
  36 L H   0.264  0.651  0.085
  37 M H   0.260  0.654  0.086
  38 Q H   0.290  0.548  0.162
  39 S H   0.263  0.554  0.183
  40 E H   0.252  0.597  0.151
  41 I H   0.116  0.716  0.168
  42 Y H   0.184  0.566  0.250
  43 H H   0.126  0.521  0.354
  44 F H   0.382  0.469  0.149
  45 A H   0.397  0.410  0.193
  46 Q U   0.739  0.147  0.115
  47 N U   0.773  0.130  0.097
  48 N U   0.824  0.076  0.099
  49 P U   0.865  0.056  0.079
  50 L U   0.818  0.071  0.111
  51 A U   0.702  0.075  0.223
  52 D U   0.645  0.045  0.310
  53 F U   0.715  0.097  0.188
  54 S U   0.603  0.120  0.277
  55 S U   0.762  0.079  0.159
  56 D U   0.735  0.120  0.144
  57 K U   0.721  0.140  0.138
  58 N U   0.803  0.084  0.113
  59 S U   0.714  0.140  0.146
  60 I U   0.386  0.085  0.529
  61 L U   0.483  0.180  0.337
  62 T U   0.334  0.106  0.559
  63 L U   0.464  0.263  0.273
  64 S U   0.494  0.234  0.273
  65 D U   0.713  0.146  0.141
  66 K U   0.569  0.260  0.171
  67 R S   0.214  0.228  0.558
  68 S S   0.135  0.324  0.540
  69 I H   0.252  0.536  0.212
  70 M H   0.194  0.520  0.286
  71 G U   0.670  0.191  0.139
  72 N U   0.487  0.259  0.253
  73 Q U   0.441  0.300  0.259
  74 S U   0.420  0.284  0.295
  75 L U   0.348  0.239  0.413
  76 L U   0.431  0.264  0.305
  77 W S   0.143  0.201  0.657
  78 K S   0.196  0.383  0.421
  79 W S   0.235  0.312  0.453
  80 K U   0.445  0.384  0.171
  81 G U   0.754  0.131  0.115
  82 G U   0.842  0.059  0.099
  83 S U   0.615  0.132  0.253
  84 S U   0.632  0.052  0.317
  85 F U   0.489  0.046  0.465
  86 T S   0.359  0.095  0.546
  87 L S   0.324  0.094  0.583
  88 H U   0.432  0.220  0.348
  89 K U   0.503  0.215  0.282
  90 K S   0.295  0.073  0.632
  91 L S   0.220  0.083  0.698
  92 I S   0.243  0.057  0.700
  93 V S   0.186  0.035  0.779
  94 P S   0.243  0.085  0.672
  95 T U   0.678  0.123  0.199
  96 D U   0.720  0.129  0.151
  97 K U   0.598  0.270  0.131
  98 E U   0.444  0.387  0.168
  99 A U   0.510  0.318  0.173
 100 S U   0.547  0.275  0.178
 101 K U   0.458  0.404  0.138
 102 A U   0.507  0.362  0.131
 103 W U   0.663  0.198  0.139
 104 G U   0.749  0.114  0.137
 105 R U   0.600  0.195  0.205
 106 S U   0.791  0.086  0.124
 107 S U   0.631  0.179  0.190
 108 T U   0.562  0.165  0.273
 109 P U   0.280  0.176  0.544
 110 V U   0.384  0.329  0.287
 111 F S   0.360  0.169  0.470
 112 S S   0.190  0.221  0.589
 113 F S   0.183  0.182  0.635
 114 W S   0.281  0.086  0.633
 115 L S   0.246  0.190  0.564
 116 Y S   0.376  0.178  0.445
 117 N U   0.654  0.131  0.214
 118 E U   0.783  0.104  0.114
 119 K U   0.721  0.119  0.161
 120 P U   0.780  0.080  0.141
 121 I U   0.735  0.127  0.139
 122 D U   0.791  0.097  0.111
 123 G U   0.885  0.046  0.069
 124 Y S   0.366  0.074  0.560
 125 L S   0.242  0.080  0.678
 126 T S   0.213  0.122  0.665
 127 I S   0.106  0.168  0.726
 128 D S   0.213  0.233  0.554
 129 F U   0.384  0.511  0.105
 130 G U   0.763  0.156  0.080
 131 E U   0.589  0.217  0.194
 132 K U   0.721  0.128  0.151
 133 L U   0.468  0.240  0.292
 134 I U   0.719  0.108  0.173
 135 S U   0.739  0.099  0.162
 136 T U   0.750  0.129  0.121
 137 S U   0.752  0.124  0.124
 138 E U   0.635  0.197  0.168
 139 A U   0.576  0.250  0.174
 140 Q U   0.507  0.287  0.207
 141 A U   0.553  0.290  0.157
 142 G U   0.720  0.171  0.108
 143 F S   0.145  0.068  0.787
 144 K S   0.095  0.151  0.754
 145 V S   0.122  0.157  0.721
 146 K S   0.103  0.094  0.803
 147 L S   0.153  0.139  0.708
 148 D S   0.405  0.131  0.463
 149 F U   0.613  0.099  0.288
 150 T U   0.615  0.206  0.180
 151 G U   0.841  0.075  0.084
 152 W S   0.388  0.209  0.403
 153 R S   0.382  0.205  0.412
 154 A S   0.193  0.235  0.572
 155 V S   0.302  0.315  0.384
 156 G S   0.319  0.246  0.434
 157 V S   0.295  0.164  0.541
 158 S S   0.121  0.181  0.699
 159 L S   0.345  0.285  0.370
 160 N U   0.698  0.129  0.173
 161 N U   0.731  0.140  0.129
 162 D U   0.715  0.163  0.121
 163 L U   0.539  0.318  0.144
 164 E U   0.591  0.232  0.177
 165 N U   0.625  0.200  0.175
 166 R U   0.566  0.185  0.249
 167 E S   0.181  0.101  0.718
 168 M S   0.145  0.075  0.780
 169 T S   0.199  0.152  0.650
 170 L S   0.233  0.119  0.648
 171 N U   0.454  0.162  0.384
 172 A U   0.672  0.096  0.232
 173 T U   0.611  0.084  0.305
 174 N U   0.761  0.057  0.182
 175 T U   0.798  0.095  0.106
 176 S U   0.797  0.091  0.112
 177 S U   0.836  0.076  0.087
 178 D U   0.827  0.080  0.094
 179 G U   0.847  0.072  0.081
 180 T U   0.734  0.121  0.145
 181 Q U   0.730  0.154  0.116
 182 D U   0.690  0.175  0.136
 183 S U   0.679  0.187  0.134
 184 I U   0.704  0.227  0.070
 185 G U   0.832  0.084  0.084
 186 R U   0.585  0.333  0.082
 187 S U   0.568  0.332  0.099
 188 L U   0.602  0.230  0.168
 189 G U   0.798  0.112  0.091
 190 A U   0.582  0.169  0.249
 191 K U   0.507  0.260  0.233
 192 V U   0.519  0.186  0.294
 193 D U   0.613  0.227  0.159
 194 S U   0.391  0.232  0.377
 195 I S   0.217  0.065  0.718
 196 R S   0.183  0.196  0.621
 197 F S   0.321  0.112  0.567
 198 K S   0.354  0.168  0.478
 199 A U   0.558  0.147  0.295
 200 P U   0.731  0.113  0.156
 201 S U   0.831  0.077  0.093
 202 N U   0.822  0.082  0.096
 203 V U   0.776  0.109  0.115
 204 S U   0.694  0.150  0.156
 205 Q U   0.674  0.173  0.153
 206 G U   0.639  0.076  0.284
 207 E S   0.217  0.106  0.676
 208 I S   0.074  0.080  0.846
 209 Y S   0.134  0.076  0.790
 210 I S   0.236  0.321  0.443
 211 D S   0.487  0.215  0.299
 212 R S   0.150  0.216  0.633
 213 I S   0.128  0.229  0.642
 214 M S   0.166  0.250  0.585
 215 F S   0.138  0.192  0.670
 216 S S   0.134  0.051  0.816
 217 V S   0.402  0.094  0.504
 218 D U   0.813  0.066  0.121
 219 D U   0.683  0.181  0.136
 220 A U   0.580  0.237  0.183
 221 R U   0.370  0.490  0.140
 222 Y U   0.381  0.271  0.349
 223 Q U   0.280  0.434  0.286
 224 W U   0.538  0.244  0.218
 225 S U   0.771  0.107  0.121
 226 D U   0.490  0.298  0.213
 227 Y U   0.378  0.358  0.264
 228 Q H   0.380  0.403  0.217
 229 V H   0.261  0.325  0.413
 230 K H   0.327  0.470  0.203
 231 T H   0.378  0.433  0.189
 232 R U   0.552  0.244  0.204
 233 L U   0.570  0.226  0.203
 234 S U   0.586  0.219  0.196
 235 E U   0.553  0.205  0.242
 236 P U   0.497  0.229  0.274
 237 E U   0.428  0.294  0.278
 238 I U   0.429  0.122  0.449
 239 Q U   0.584  0.243  0.173
 240 F U   0.535  0.243  0.222
 241 H U   0.621  0.206  0.173
 242 N U   0.707  0.137  0.156
 243 V U   0.549  0.105  0.346
 244 K U   0.780  0.096  0.124
 245 P U   0.678  0.048  0.274
 246 Q U   0.721  0.121  0.158
 247 L U   0.778  0.051  0.172
 248 P U   0.821  0.079  0.100
 249 V U   0.758  0.107  0.135
 250 T U   0.721  0.130  0.149
 251 P U   0.346  0.601  0.053
 252 E U   0.514  0.348  0.138
 253 N U   0.548  0.304  0.148
 254 L U   0.265  0.571  0.164
 255 A U   0.414  0.368  0.218
 256 A H   0.354  0.425  0.221
 257 I H   0.310  0.520  0.170
 258 D H   0.251  0.653  0.097
 259 L H   0.142  0.830  0.028
 260 I H   0.186  0.756  0.058
 261 R H   0.089  0.885  0.026
 262 Q H   0.091  0.864  0.044
 263 R H   0.049  0.797  0.155
 264 L H   0.021  0.758  0.220
 265 I H   0.068  0.727  0.205
 266 N H   0.021  0.602  0.376
 267 E S   0.073  0.452  0.475
 268 F S   0.102  0.256  0.642
 269 V S   0.309  0.268  0.423
 270 G U   0.715  0.104  0.182
 271 G U   0.816  0.082  0.103
 272 E U   0.627  0.165  0.208
 273 K U   0.721  0.132  0.146
 274 E U   0.576  0.210  0.213
 275 T U   0.701  0.135  0.165
 276 N U   0.578  0.072  0.350
 277 L S   0.214  0.088  0.698
 278 A S   0.162  0.055  0.784
 279 L S   0.086  0.571  0.343
 280 E S   0.069  0.366  0.564
 281 E H   0.081  0.612  0.307
 282 N H   0.581  0.252  0.167
 283 I H   0.362  0.595  0.043
 284 S H   0.292  0.665  0.043
 285 K H   0.323  0.560  0.116
 286 L H   0.319  0.623  0.058
 287 K H   0.484  0.326  0.191
 288 S H   0.323  0.581  0.096
 289 D U   0.523  0.311  0.166
 290 F U   0.539  0.298  0.163
 291 D U   0.487  0.301  0.212
 292 A U   0.392  0.360  0.248
 293 L S   0.219  0.243  0.537
 294 N S   0.341  0.291  0.368
 295 I S   0.348  0.185  0.467
 296 H S   0.265  0.366  0.369
 297 T S   0.151  0.382  0.466
 298 L U   0.426  0.304  0.270
 299 A U   0.608  0.276  0.115
 300 N U   0.822  0.105  0.073
 301 G U   0.842  0.076  0.082
 302 G U   0.828  0.067  0.105
 303 T U   0.810  0.077  0.112
 304 Q U   0.699  0.130  0.171
 305 G U   0.717  0.138  0.145
 306 R U   0.404  0.079  0.517
 307 H U   0.489  0.058  0.452
 308 L U   0.460  0.276  0.264
 309 I S   0.353  0.152  0.494
 310 T S   0.400  0.147  0.452
 311 D U   0.537  0.177  0.286
 312 K U   0.578  0.225  0.197
 313 Q S   0.221  0.128  0.651
 314 I S   0.130  0.172  0.698
 315 I S   0.125  0.123  0.752
 316 I S   0.159  0.220  0.621
 317 Y S   0.069  0.138  0.793
 318 Q S   0.287  0.081  0.632
 319 P U   0.500  0.282  0.218
 320 E U   0.567  0.313  0.120
 321 N U   0.706  0.136  0.158
 322 L U   0.748  0.153  0.098
 323 N U   0.834  0.077  0.089
 324 S U   0.690  0.233  0.077
 325 Q H   0.432  0.454  0.114
 326 D H   0.396  0.477  0.127
 327 K H   0.271  0.633  0.096
 328 Q H   0.397  0.488  0.115
 329 L H   0.360  0.465  0.175
 330 F U   0.464  0.361  0.175
 331 D U   0.723  0.149  0.129
 332 N U   0.582  0.178  0.240
 333 Y S   0.152  0.117  0.731
 334 V S   0.085  0.163  0.752
 335 I S   0.159  0.219  0.622
 336 L S   0.170  0.169  0.660
 337 G U   0.603  0.058  0.340
 338 N U   0.652  0.155  0.194
 339 Y U   0.516  0.137  0.347
 340 T U   0.244  0.262  0.494
 341 T U   0.360  0.317  0.324
 342 L U   0.336  0.406  0.257
 343 M S   0.294  0.206  0.501
 344 F S   0.159  0.161  0.681
 345 N S   0.270  0.189  0.541
 346 I U   0.543  0.250  0.207
 347 S U   0.548  0.220  0.232
 348 R U   0.419  0.329  0.251
 349 A U   0.207  0.217  0.576
 350 Y H   0.297  0.453  0.250
 351 V H   0.344  0.366  0.290
 352 L U   0.466  0.312  0.222
 353 E U   0.605  0.179  0.216
 354 K U   0.803  0.089  0.108
 355 D U   0.804  0.086  0.110
 356 P U   0.537  0.398  0.065
 357 T U   0.486  0.291  0.223
 358 Q H   0.207  0.733  0.060
 359 K H   0.086  0.878  0.036
 360 A H   0.092  0.870  0.038
 361 Q H   0.099  0.861  0.040
 362 L H   0.100  0.870  0.030
 363 K H   0.090  0.893  0.017
 364 Q H   0.136  0.813  0.051
 365 M H   0.118  0.790  0.092
 366 Y H   0.048  0.693  0.259
 367 L H   0.105  0.735  0.159
 368 L H   0.096  0.706  0.198
 369 M H   0.136  0.615  0.249
 370 T H   0.117  0.597  0.286
 371 K H   0.183  0.666  0.151
 372 H H   0.282  0.552  0.166
 373 L H   0.288  0.491  0.221
 374 L H   0.160  0.709  0.131
 375 D H   0.215  0.620  0.165
 376 Q U   0.458  0.445  0.097
 377 G U   0.797  0.121  0.081
 378 F U   0.598  0.235  0.166
 379 V U   0.452  0.288  0.260
 380 K U   0.547  0.243  0.210
 381 G U   0.792  0.099  0.109
 382 S U   0.720  0.113  0.167
 383 A S   0.456  0.057  0.487
 384 L S   0.301  0.127  0.572
 385 V S   0.236  0.250  0.514
 386 T S   0.190  0.154  0.656
 387 T S   0.230  0.131  0.640
 388 H U   0.412  0.224  0.365
 389 H U   0.511  0.194  0.295
 390 W U   0.685  0.155  0.159
 391 G U   0.737  0.125  0.138
 392 Y U   0.601  0.188  0.211
 393 S U   0.619  0.194  0.187
 394 S U   0.577  0.201  0.222
 395 R U   0.357  0.185  0.457
 396 W H   0.213  0.533  0.254
 397 W H   0.185  0.644  0.172
 398 Y H   0.082  0.647  0.271
 399 I H   0.097  0.548  0.355
 400 S H   0.242  0.516  0.241
 401 T H   0.203  0.532  0.265
 402 L H   0.124  0.784  0.092
 403 L H   0.173  0.708  0.119
 404 M H   0.182  0.764  0.053
 405 S H   0.169  0.745  0.086
 406 D H   0.316  0.657  0.026
 407 A H   0.105  0.864  0.032
 408 L H   0.121  0.859  0.021
 409 K H   0.205  0.780  0.015
 410 E H   0.142  0.815  0.043
 411 A H   0.319  0.588  0.092
 412 N H   0.425  0.497  0.078
 413 L H   0.396  0.549  0.055
 414 Q U   0.451  0.413  0.136
 415 T U   0.507  0.310  0.182
 416 Q H   0.350  0.503  0.147
 417 V H   0.357  0.530  0.113
 418 Y H   0.341  0.481  0.179
 419 D H   0.290  0.608  0.103
 420 S H   0.284  0.506  0.211
 421 L H   0.329  0.467  0.204
 422 L H   0.237  0.412  0.351
 423 W H   0.226  0.472  0.302
 424 Y H   0.254  0.462  0.284
 425 S H   0.275  0.561  0.164
 426 R H   0.160  0.793  0.047
 427 E H   0.189  0.729  0.082
 428 F H   0.280  0.670  0.049
 429 K H   0.378  0.452  0.170
 430 S H   0.292  0.652  0.056
 431 S U   0.746  0.121  0.133
 432 F U   0.596  0.080  0.324
 433 D U   0.699  0.115  0.186
 434 M U   0.400  0.077  0.523
 435 K U   0.585  0.102  0.314
 436 V U   0.534  0.091  0.375
 437 S U   0.682  0.101  0.218
 438 A U   0.790  0.097  0.114
 439 D U   0.854  0.061  0.085
 440 S U   0.752  0.123  0.124
 441 S U   0.804  0.080  0.116
 442 D U   0.753  0.107  0.140
 443 L U   0.579  0.383  0.038
 444 D U   0.628  0.223  0.149
 445 Y H   0.250  0.685  0.065
 446 F H   0.161  0.780  0.059
 447 N H   0.394  0.500  0.107
 448 T H   0.178  0.765  0.057
 449 L H   0.034  0.955  0.011
 450 S H   0.058  0.919  0.022
 451 R H   0.053  0.920  0.028
 452 Q H   0.042  0.935  0.023
 453 H H   0.094  0.858  0.048
 454 L H   0.047  0.907  0.047
 455 A H   0.083  0.851  0.066
 456 L H   0.115  0.844  0.041
 457 L H   0.164  0.718  0.118
 458 L H   0.207  0.654  0.139
 459 L H   0.198  0.690  0.112
 460 E U   0.404  0.372  0.223
 461 P U   0.673  0.219  0.107
 462 D U   0.872  0.072  0.056
 463 D H   0.463  0.478  0.058
 464 Q H   0.224  0.677  0.099
 465 K H   0.124  0.846  0.030
 466 R H   0.099  0.870  0.032
 467 I H   0.177  0.725  0.098
 468 N H   0.379  0.528  0.093
 469 L U   0.493  0.309  0.198
 470 V U   0.429  0.368  0.202
 471 N H   0.439  0.495  0.066
 472 T H   0.307  0.650  0.044
 473 F H   0.414  0.529  0.057
 474 S U   0.451  0.410  0.139
 475 H U   0.548  0.252  0.201
 476 Y U   0.186  0.509  0.305
 477 I S   0.272  0.231  0.497
 478 T S   0.316  0.171  0.513
 479 G U   0.527  0.233  0.240
 480 A U   0.540  0.162  0.299
 481 L U   0.579  0.159  0.262
 482 T U   0.696  0.137  0.168
 483 Q U   0.757  0.080  0.164
 484 V U   0.699  0.123  0.178
 485 P U   0.754  0.101  0.145
 486 P U   0.841  0.079  0.080
 487 G U   0.871  0.059  0.070
 488 G U   0.886  0.054  0.060
 489 K U   0.896  0.044  0.059
 490 D U   0.835  0.059  0.107
 491 G U   0.580  0.065  0.354
 492 L S   0.304  0.050  0.646
 493 R S   0.081  0.021  0.898
 494 P S   0.170  0.036  0.795
 495 D U   0.537  0.150  0.313
 496 G U   0.749  0.120  0.131
 497 T S   0.317  0.087  0.597
 498 A S   0.379  0.161  0.460
 499 W S   0.329  0.090  0.581
 500 R S   0.193  0.087  0.720
 501 H U   0.507  0.049  0.444
 502 E U   0.720  0.093  0.187
 503 G U   0.721  0.122  0.156
 504 N U   0.815  0.079  0.106
 505 Y U   0.741  0.117  0.142
 506 P U   0.796  0.101  0.103
 507 G U   0.844  0.072  0.085
 508 Y U   0.710  0.149  0.141
 509 S H   0.221  0.696  0.083
 510 F H   0.130  0.706  0.165
 511 P H   0.063  0.716  0.221
 512 A H   0.052  0.753  0.195
 513 F H   0.022  0.868  0.110
 514 K H   0.069  0.848  0.082
 515 N H   0.195  0.744  0.061
 516 A H   0.094  0.888  0.018
 517 S H   0.111  0.852  0.036
 518 Q H   0.152  0.761  0.087
 519 L H   0.067  0.821  0.112
 520 I H   0.036  0.170  0.795
 521 Y H   0.077  0.582  0.342
 522 L H   0.149  0.518  0.334
 523 L H   0.228  0.601  0.172
 524 R U   0.533  0.140  0.326
 525 D U   0.634  0.169  0.196
 526 T U   0.656  0.152  0.193
 527 P U   0.892  0.043  0.065
 528 F U   0.771  0.044  0.184
 529 S U   0.783  0.106  0.111
 530 V U   0.811  0.068  0.121
 531 G U   0.861  0.069  0.070
 532 E H   0.390  0.567  0.043
 533 S H   0.364  0.611  0.025
 534 G H   0.170  0.813  0.017
 535 W H   0.060  0.882  0.058
 536 N H   0.068  0.849  0.084
 537 N H   0.133  0.820  0.047
 538 L H   0.112  0.776  0.112
 539 K H   0.037  0.926  0.037
 540 K H   0.098  0.863  0.039
 541 A H   0.060  0.882  0.058
 542 M H   0.055  0.859  0.086
 543 V H   0.083  0.841  0.076
 544 S H   0.242  0.717  0.041
 545 A H   0.097  0.868  0.035
 546 W H   0.264  0.530  0.207
 547 I U   0.347  0.306  0.347
 548 Y U   0.395  0.328  0.277
 549 S U   0.755  0.131  0.114
 550 N U   0.672  0.172  0.156
 551 P U   0.430  0.271  0.300
 552 E U   0.532  0.255  0.213
 553 V U   0.611  0.209  0.180
 554 G U   0.767  0.107  0.125
 555 L U   0.679  0.165  0.157
 556 P U   0.711  0.141  0.148
 557 L U   0.698  0.162  0.141
 558 A U   0.610  0.259  0.131
 559 G U   0.731  0.142  0.128
 560 R U   0.698  0.138  0.164
 561 H U   0.649  0.137  0.214
 562 P U   0.817  0.085  0.099
 563 F U   0.829  0.077  0.094
 564 N U   0.816  0.089  0.095
 565 S U   0.820  0.088  0.092
 566 P U   0.596  0.277  0.127
 567 S H   0.428  0.490  0.082
 568 L H   0.208  0.671  0.121
 569 K H   0.155  0.729  0.117
 570 S H   0.155  0.762  0.083
 571 V H   0.210  0.715  0.075
 572 A H   0.095  0.861  0.044
 573 Q H   0.060  0.914  0.025
 574 G H   0.108  0.852  0.039
 575 Y H   0.142  0.805  0.053
 576 Y H   0.062  0.882  0.056
 577 W H   0.166  0.792  0.042
 578 L H   0.193  0.693  0.114
 579 A H   0.403  0.541  0.055
 580 M H   0.425  0.535  0.040
 581 S U   0.574  0.391  0.036
 582 A U   0.769  0.190  0.041
 583 K U   0.735  0.198  0.068
 584 S U   0.712  0.171  0.117
 585 S U   0.682  0.195  0.123
 586 P U   0.730  0.226  0.045
 587 D H   0.225  0.734  0.040
 588 K H   0.129  0.823  0.048
 589 T H   0.110  0.845  0.044
 590 L H   0.227  0.701  0.072
 591 A H   0.128  0.743  0.129
 592 S H   0.142  0.542  0.316
 593 I H   0.170  0.563  0.267
 594 Y H   0.134  0.608  0.258
 595 L H   0.180  0.449  0.372
 596 A S   0.262  0.352  0.385
 597 I S   0.315  0.221  0.464
 598 S U   0.429  0.259  0.311
 599 D U   0.448  0.426  0.126
 600 K U   0.622  0.198  0.180
 601 T U   0.612  0.216  0.171
 602 Q U   0.634  0.245  0.120
 603 N U   0.454  0.416  0.131
 604 E U   0.520  0.319  0.161
 605 S U   0.426  0.411  0.163
 606 T U   0.404  0.373  0.223
 607 A H   0.335  0.431  0.233
 608 I H   0.291  0.409  0.299
 609 F H   0.326  0.460  0.214
 610 G U   0.661  0.193  0.146
 611 E U   0.524  0.241  0.235
 612 T U   0.640  0.175  0.185
 613 I U   0.561  0.131  0.308
 614 T U   0.519  0.227  0.253
 615 P U   0.477  0.268  0.255
 616 A U   0.713  0.150  0.137
 617 S U   0.683  0.167  0.149
 618 L U   0.792  0.098  0.110
 619 P U   0.697  0.157  0.145
 620 Q U   0.695  0.171  0.134
 621 G U   0.556  0.259  0.185
 622 F U   0.532  0.196  0.272
 623 Y U   0.287  0.324  0.389
 624 A H   0.269  0.373  0.358
 625 F H   0.319  0.348  0.333
 626 N H   0.389  0.496  0.115
 627 G U   0.626  0.291  0.083
 628 G U   0.625  0.287  0.088
 629 A H   0.214  0.405  0.381
 630 F H   0.157  0.734  0.109
 631 G H   0.258  0.614  0.129
 632 I H   0.282  0.423  0.296
 633 H H   0.259  0.452  0.289
 634 R U   0.528  0.374  0.097
 635 W U   0.550  0.213  0.238
 636 Q U   0.380  0.541  0.079
 637 D U   0.766  0.119  0.115
 638 K H   0.433  0.446  0.122
 639 M H   0.081  0.789  0.129
 640 V H   0.120  0.556  0.323
 641 T H   0.145  0.589  0.266
 642 L H   0.136  0.390  0.473
 643 K H   0.339  0.494  0.166
 644 A U   0.353  0.331  0.316
 645 Y U   0.440  0.227  0.334
 646 N U   0.479  0.171  0.350
 647 T U   0.521  0.350  0.129
 648 N U   0.530  0.332  0.138
 649 V U   0.404  0.458  0.138
 650 W U   0.392  0.379  0.229
 651 S U   0.552  0.244  0.204
 652 S U   0.307  0.313  0.381
 653 E H   0.323  0.459  0.218
 654 I H   0.303  0.566  0.131
 655 Y U   0.533  0.175  0.291
 656 N U   0.584  0.191  0.225
 657 K U   0.830  0.081  0.089
 658 D U   0.689  0.155  0.156
 659 N U   0.660  0.164  0.176
 660 R U   0.432  0.229  0.339
 661 Y U   0.567  0.224  0.210
 662 G U   0.658  0.131  0.211
 663 R S   0.431  0.087  0.482
 664 Y S   0.296  0.146  0.558
 665 Q S   0.304  0.210  0.486
 666 S U   0.723  0.142  0.135
 667 H U   0.636  0.199  0.165
 668 G U   0.600  0.282  0.119
 669 V S   0.176  0.073  0.751
 670 A S   0.201  0.080  0.718
 671 Q S   0.028  0.056  0.916
 672 I S   0.063  0.069  0.869
 673 V S   0.183  0.042  0.775
 674 S S   0.436  0.124  0.440
 675 N U   0.828  0.078  0.094
 676 G U   0.908  0.037  0.054
 677 S U   0.672  0.065  0.263
 678 Q U   0.560  0.216  0.224
 679 L U   0.623  0.178  0.199
 680 S U   0.543  0.208  0.250
 681 Q U   0.728  0.173  0.100
 682 G U   0.698  0.152  0.150
 683 Y S   0.375  0.085  0.540
 684 Q S   0.108  0.145  0.747
 685 Q U   0.177  0.500  0.322
 686 E U   0.464  0.184  0.353
 687 G U   0.837  0.086  0.077
 688 W U   0.822  0.078  0.100
 689 D U   0.720  0.147  0.133
 690 W U   0.677  0.161  0.162
 691 N U   0.759  0.078  0.163
 692 R U   0.779  0.079  0.141
 693 M U   0.637  0.155  0.208
 694 E U   0.598  0.183  0.219
 695 G U   0.698  0.134  0.167
 696 A U   0.456  0.104  0.440
 697 T U   0.447  0.160  0.393
 698 T S   0.326  0.273  0.401
 699 I S   0.299  0.337  0.363
 700 H U   0.431  0.306  0.263
 701 L U   0.582  0.212  0.206
 702 P U   0.441  0.304  0.255
 703 L H   0.387  0.514  0.098
 704 K H   0.228  0.717  0.056
 705 D U   0.572  0.225  0.203
 706 L U   0.744  0.148  0.108
 707 D U   0.819  0.082  0.099
 708 S U   0.858  0.062  0.079
 709 P U   0.813  0.084  0.103
 710 K U   0.773  0.081  0.145
 711 P U   0.708  0.101  0.192
 712 H U   0.721  0.107  0.172
 713 T U   0.732  0.099  0.169
 714 L U   0.625  0.088  0.287
 715 M U   0.643  0.175  0.181
 716 Q U   0.772  0.079  0.149
 717 R U   0.647  0.080  0.273
 718 G U   0.848  0.058  0.094
 719 E U   0.774  0.095  0.132
 720 R U   0.662  0.158  0.180
 721 G U   0.731  0.110  0.159
 722 F U   0.696  0.127  0.177
 723 S U   0.690  0.118  0.192
 724 G U   0.800  0.084  0.116
 725 T U   0.773  0.099  0.128
 726 S U   0.599  0.172  0.229
 727 S U   0.535  0.181  0.284
 728 L U   0.617  0.223  0.159
 729 E U   0.736  0.126  0.137
 730 G U   0.477  0.384  0.139
 731 Q H   0.185  0.744  0.071
 732 Y H   0.319  0.500  0.181
 733 G H   0.144  0.792  0.064
 734 M H   0.313  0.471  0.217
 735 M H   0.396  0.372  0.232
 736 A H   0.276  0.376  0.348
 737 F H   0.351  0.282  0.367
 738 N H   0.249  0.438  0.313
 739 L U   0.630  0.202  0.168
 740 I U   0.543  0.262  0.196
 741 Y U   0.577  0.289  0.134
 742 P U   0.488  0.396  0.116
 743 A U   0.575  0.317  0.107
 744 N U   0.767  0.148  0.085
 745 L U   0.598  0.284  0.118
 746 E U   0.538  0.391  0.071
 747 R U   0.793  0.096  0.111
 748 F U   0.719  0.172  0.108
 749 D U   0.802  0.085  0.113
 750 P U   0.676  0.167  0.157
 751 N U   0.560  0.229  0.211
 752 F U   0.281  0.541  0.178
 753 T U   0.409  0.339  0.252
 754 A U   0.398  0.348  0.255
 755 K U   0.403  0.366  0.232
 756 K U   0.393  0.431  0.176
 757 S S   0.140  0.239  0.621
 758 V S   0.100  0.220  0.680
 759 L S   0.193  0.558  0.249
 760 A S   0.096  0.414  0.490
 761 A S   0.313  0.281  0.406
 762 D U   0.856  0.072  0.072
 763 N U   0.760  0.150  0.090
 764 H S   0.136  0.225  0.638
 765 L S   0.162  0.112  0.726
 766 I S   0.093  0.102  0.805
 767 F S   0.069  0.084  0.847
 768 I S   0.106  0.047  0.847
 769 G U   0.540  0.091  0.369
 770 S U   0.570  0.185  0.244
 771 N U   0.710  0.105  0.185
 772 I U   0.672  0.133  0.195
 773 N U   0.661  0.128  0.211
 774 S U   0.826  0.062  0.112
 775 S U   0.802  0.091  0.107
 776 D U   0.798  0.090  0.112
 777 K U   0.752  0.122  0.126
 778 N U   0.861  0.054  0.084
 779 K U   0.611  0.188  0.202
 780 N U   0.692  0.112  0.196
 781 V S   0.345  0.168  0.487
 782 E S   0.117  0.183  0.700
 783 T S   0.109  0.208  0.682
 784 T S   0.128  0.194  0.678
 785 L S   0.082  0.366  0.553
 786 F U   0.111  0.460  0.429
 787 Q U   0.368  0.339  0.293
 788 H U   0.540  0.269  0.191
 789 A U   0.533  0.265  0.202
 790 I U   0.519  0.231  0.250
 791 T U   0.745  0.118  0.137
 792 P U   0.815  0.086  0.099
 793 T U   0.833  0.071  0.096
 794 L U   0.882  0.044  0.074
 795 N U   0.848  0.036  0.116
 796 T S   0.328  0.039  0.634
 797 L S   0.221  0.025  0.754
 798 W S   0.222  0.047  0.731
 799 I S   0.102  0.019  0.879
 800 N S   0.450  0.035  0.515
 801 G U   0.824  0.082  0.094
 802 Q U   0.497  0.117  0.386
 803 K U   0.260  0.188  0.552
 804 I U   0.464  0.201  0.335
 805 E U   0.623  0.145  0.232
 806 N U   0.729  0.120  0.150
 807 M U   0.773  0.104  0.123
 808 P U   0.749  0.111  0.139
 809 Y U   0.704  0.146  0.150
 810 Q U   0.544  0.236  0.220
 811 T U   0.511  0.270  0.219
 812 T U   0.538  0.239  0.223
 813 L U   0.446  0.367  0.187
 814 Q U   0.373  0.424  0.203
 815 Q U   0.560  0.229  0.210
 816 G U   0.494  0.264  0.241
 817 D U   0.414  0.290  0.296
 818 W S   0.136  0.260  0.604
 819 L S   0.089  0.328  0.583
 820 I S   0.131  0.311  0.558
 821 D U   0.424  0.452  0.123
 822 S U   0.716  0.203  0.081
 823 N U   0.878  0.057  0.065
 824 G U   0.922  0.030  0.047
 825 N U   0.707  0.108  0.185
 826 G U   0.588  0.014  0.398
 827 Y S   0.029  0.005  0.966
 828 L S   0.031  0.011  0.959
 829 I S   0.042  0.017  0.941
 830 T S   0.156  0.038  0.806
 831 Q U   0.494  0.040  0.466
 832 A U   0.713  0.156  0.131
 833 E U   0.558  0.258  0.185
 834 K U   0.580  0.249  0.171
 835 V U   0.285  0.215  0.499
 836 N U   0.542  0.199  0.259
 837 V S   0.257  0.190  0.554
 838 S S   0.318  0.302  0.379
 839 R H   0.265  0.559  0.176
 840 Q H   0.165  0.697  0.138
 841 H H   0.197  0.571  0.232
 842 Q H   0.268  0.578  0.154
 843 V H   0.370  0.495  0.135
 844 S U   0.634  0.198  0.168
 845 A U   0.582  0.207  0.212
 846 E U   0.741  0.113  0.146
 847 N U   0.754  0.112  0.135
 848 K U   0.842  0.068  0.090
 849 N U   0.840  0.067  0.093
 850 R U   0.772  0.092  0.136
 851 Q U   0.596  0.081  0.323
 852 P U   0.681  0.102  0.216
 853 T U   0.684  0.142  0.174
 854 E U   0.652  0.170  0.178
 855 G U   0.686  0.197  0.117
 856 N U   0.628  0.215  0.156
 857 F U   0.708  0.150  0.142
 858 S S   0.327  0.082  0.592
 859 S S   0.113  0.418  0.469
 860 A S   0.262  0.280  0.458
 861 W S   0.264  0.502  0.234
 862 I S   0.289  0.269  0.442
 863 D U   0.263  0.451  0.286
 864 H U   0.812  0.100  0.088
 865 S U   0.832  0.074  0.094
 866 T U   0.853  0.060  0.087
 867 R U   0.842  0.062  0.096
 868 P U   0.831  0.075  0.094
 869 K U   0.903  0.039  0.059
 870 D U   0.923  0.025  0.052
 871 A U   0.779  0.094  0.126
 872 S U   0.752  0.153  0.096
 873 Y S   0.119  0.227  0.654
 874 E S   0.057  0.212  0.731
 875 Y S   0.046  0.050  0.903
 876 M S   0.050  0.043  0.907
 877 V S   0.144  0.105  0.751
 878 F S   0.061  0.021  0.917
 879 L S   0.319  0.062  0.619
 880 D U   0.793  0.068  0.140
 881 A U   0.549  0.411  0.039
 882 T U   0.898  0.053  0.049
 883 P H   0.390  0.567  0.043
 884 E H   0.202  0.777  0.021
 885 K H   0.228  0.734  0.038
 886 M H   0.136  0.836  0.028
 887 G H   0.064  0.920  0.017
 888 E H   0.111  0.846  0.043
 889 M H   0.066  0.891  0.043
 890 A H   0.089  0.872  0.039
 891 Q H   0.139  0.820  0.041
 892 K H   0.235  0.633  0.132
 893 F H   0.219  0.746  0.035
 894 R H   0.347  0.611  0.042
 895 E U   0.609  0.361  0.030
 896 N U   0.924  0.034  0.043
 897 N U   0.822  0.082  0.096
 898 G U   0.797  0.083  0.120
 899 L S   0.348  0.141  0.510
 900 Y S   0.052  0.152  0.796
 901 Q S   0.167  0.096  0.737
 902 V S   0.072  0.175  0.753
 903 L H   0.022  0.652  0.325
 904 R H   0.036  0.533  0.432
 905 K H   0.151  0.300  0.549
 906 D H   0.434  0.464  0.102
 907 K U   0.802  0.131  0.067
 908 D U   0.481  0.294  0.225
 909 V U   0.249  0.406  0.345
 910 H S   0.149  0.337  0.514
 911 I S   0.108  0.382  0.511
 912 I S   0.165  0.352  0.483
 913 L S   0.075  0.355  0.570
 914 D S   0.303  0.192  0.505
 915 K U   0.669  0.150  0.181
 916 L U   0.662  0.163  0.174
 917 S U   0.661  0.141  0.198
 918 N U   0.595  0.056  0.349
 919 V S   0.174  0.088  0.738
 920 T S   0.107  0.032  0.861
 921 G S   0.087  0.068  0.844
 922 Y S   0.196  0.105  0.699
 923 A S   0.091  0.084  0.824
 924 F S   0.137  0.123  0.739
 925 Y S   0.326  0.124  0.550
 926 Q S   0.448  0.089  0.463
 927 P U   0.627  0.191  0.181
 928 A U   0.682  0.175  0.142
 929 S U   0.665  0.148  0.187
 930 I U   0.580  0.205  0.215
 931 E U   0.495  0.247  0.258
 932 D U   0.437  0.414  0.149
 933 K U   0.545  0.259  0.196
 934 W U   0.240  0.498  0.262
 935 I S   0.162  0.383  0.455
 936 K S   0.420  0.262  0.318
 937 K S   0.263  0.342  0.394
 938 V U   0.194  0.460  0.346
 939 N U   0.699  0.138  0.163
 940 K U   0.674  0.171  0.156
 941 P U   0.437  0.282  0.281
 942 A S   0.259  0.104  0.637
 943 I S   0.063  0.096  0.841
 944 V S   0.054  0.048  0.898
 945 M S   0.153  0.116  0.732
 946 T S   0.143  0.120  0.737
 947 H S   0.098  0.215  0.687
 948 R S   0.213  0.238  0.550
 949 Q U   0.296  0.444  0.260
 950 K U   0.828  0.076  0.096
 951 D U   0.817  0.071  0.113
 952 T S   0.372  0.033  0.596
 953 L S   0.084  0.034  0.882
 954 I S   0.040  0.042  0.918
 955 V S   0.040  0.042  0.918
 956 S S   0.107  0.086  0.807
 957 A S   0.096  0.051  0.853
 958 V S   0.210  0.028  0.761
 959 T S   0.461  0.028  0.511
 960 P U   0.694  0.147  0.159
 961 D U   0.681  0.152  0.167
 962 L U   0.769  0.094  0.137
 963 N U   0.738  0.120  0.143
 964 M U   0.740  0.115  0.144
 965 T U   0.646  0.169  0.185
 966 R U   0.553  0.231  0.216
 967 Q U   0.601  0.207  0.192
 968 K U   0.719  0.134  0.147
 969 A U   0.576  0.229  0.195
 970 A U   0.631  0.175  0.194
 971 T U   0.680  0.146  0.174
 972 P U   0.628  0.156  0.217
 973 V U   0.475  0.212  0.313
 974 T S   0.186  0.060  0.754
 975 I S   0.085  0.040  0.875
 976 N S   0.121  0.106  0.773
 977 V S   0.084  0.109  0.807
 978 T S   0.082  0.091  0.826
 979 I S   0.097  0.148  0.755
 980 N S   0.289  0.123  0.588
 981 G U   0.841  0.068  0.090
 982 K U   0.593  0.201  0.206
 983 W U   0.564  0.199  0.237
 984 Q U   0.597  0.178  0.225
 985 S U   0.604  0.133  0.262
 986 A U   0.670  0.089  0.241
 987 D U   0.503  0.079  0.418
 988 K U   0.752  0.111  0.138
 989 N U   0.839  0.070  0.091
 990 S U   0.732  0.096  0.173
 991 E U   0.535  0.092  0.373
 992 V S   0.180  0.020  0.801
 993 K S   0.098  0.047  0.855
 994 Y S   0.047  0.057  0.896
 995 Q S   0.065  0.052  0.883
 996 V S   0.244  0.086  0.669
 997 S U   0.485  0.086  0.429
 998 G U   0.857  0.060  0.083
 999 D U   0.769  0.104  0.127
1000 N U   0.796  0.074  0.130
1001 T S   0.247  0.101  0.652
1002 E S   0.154  0.034  0.813
1003 L S   0.137  0.057  0.806
1004 T S   0.127  0.115  0.758
1005 F S   0.128  0.109  0.763
1006 T S   0.269  0.168  0.563
1007 S U   0.351  0.303  0.346
1008 Y U   0.391  0.278  0.331
1009 F U   0.494  0.178  0.328
1010 G U   0.594  0.168  0.238
1011 I U   0.589  0.172  0.239
1012 P U   0.489  0.242  0.269
1013 Q U   0.525  0.224  0.251
1014 E U   0.435  0.232  0.333
1015 I U   0.268  0.115  0.617
1016 K U   0.481  0.204  0.315
1017 L U   0.484  0.066  0.450
1018 S U   0.685  0.131  0.183
1019 P U   0.854  0.077  0.068
1020 L U   0.918  0.046  0.036
1021 P U   0.913  0.048  0.038
