   1 D U   0.968  0.013  0.019
   2 S U   0.874  0.061  0.065
   3 L U   0.876  0.032  0.092
   4 R U   0.896  0.017  0.087
   5 P U   0.835  0.019  0.145
   6 K U   0.876  0.054  0.070
   7 L U   0.887  0.061  0.052
   8 S U   0.798  0.171  0.031
   9 E H   0.305  0.680  0.015
  10 E H   0.307  0.659  0.035
  11 Q H   0.053  0.932  0.015
  12 Q H   0.047  0.935  0.018
  13 R H   0.013  0.984  0.003
  14 I H   0.049  0.945  0.006
  15 I H   0.021  0.970  0.009
  16 A H   0.009  0.964  0.027
  17 I H   0.028  0.947  0.025
  18 L H   0.011  0.978  0.010
  19 L H   0.060  0.906  0.034
  20 D H   0.081  0.863  0.056
  21 A H   0.070  0.888  0.042
  22 H H   0.233  0.755  0.012
  23 H H   0.448  0.499  0.053
  24 K H   0.263  0.705  0.033
  25 T U   0.685  0.224  0.091
  26 Y U   0.785  0.110  0.105
  27 D U   0.836  0.074  0.090
  28 P U   0.864  0.057  0.080
  29 T U   0.907  0.035  0.059
  30 Y U   0.793  0.103  0.104
  31 S U   0.714  0.151  0.135
  32 D U   0.462  0.447  0.091
  33 F U   0.334  0.610  0.057
  34 C U   0.433  0.406  0.161
  35 Q U   0.600  0.197  0.202
  36 F U   0.636  0.158  0.205
  37 R U   0.718  0.114  0.168
  38 P U   0.481  0.052  0.467
  39 P U   0.597  0.066  0.337
  40 V U   0.634  0.130  0.236
  41 R U   0.474  0.067  0.459
  42 V U   0.591  0.132  0.277
  43 N U   0.678  0.087  0.234
  44 D U   0.844  0.064  0.092
  45 G U   0.859  0.060  0.081
  46 G U   0.846  0.065  0.089
  47 G U   0.784  0.081  0.135
  48 S U   0.704  0.073  0.223
  49 V U   0.772  0.053  0.174
  50 T U   0.785  0.074  0.141
  51 L U   0.831  0.100  0.069
  52 E U   0.813  0.082  0.105
  53 L U   0.737  0.159  0.103
  54 S U   0.692  0.199  0.109
  55 Q H   0.278  0.648  0.074
  56 L H   0.168  0.780  0.052
  57 S H   0.172  0.805  0.023
  58 M H   0.088  0.902  0.011
  59 L H   0.049  0.946  0.005
  60 P H   0.035  0.958  0.007
  61 H H   0.045  0.944  0.011
  62 L H   0.035  0.962  0.003
  63 A H   0.013  0.978  0.009
  64 D H   0.020  0.957  0.023
  65 L H   0.059  0.909  0.032
  66 V H   0.065  0.907  0.028
  67 S H   0.039  0.946  0.014
  68 Y H   0.012  0.985  0.003
  69 S H   0.057  0.906  0.037
  70 I H   0.028  0.934  0.037
  71 Q H   0.007  0.959  0.034
  72 K H   0.011  0.872  0.117
  73 V H   0.023  0.936  0.041
  74 I H   0.020  0.957  0.023
  75 G H   0.171  0.793  0.036
  76 F H   0.107  0.822  0.071
  77 A H   0.105  0.848  0.047
  78 K H   0.322  0.640  0.038
  79 M U   0.761  0.107  0.132
  80 I U   0.772  0.095  0.133
  81 P U   0.800  0.108  0.092
  82 G U   0.815  0.088  0.097
  83 F U   0.759  0.126  0.115
  84 R U   0.761  0.166  0.073
  85 D U   0.758  0.142  0.100
  86 L U   0.842  0.104  0.054
  87 T U   0.777  0.112  0.111
  88 S H   0.478  0.488  0.034
  89 E H   0.470  0.501  0.029
  90 D H   0.672  0.241  0.087
  91 Q H   0.071  0.902  0.027
  92 I H   0.079  0.789  0.132
  93 V H   0.025  0.967  0.008
  94 L H   0.043  0.912  0.045
  95 L H   0.026  0.929  0.044
  96 K H   0.013  0.948  0.039
  97 S H   0.034  0.892  0.075
  98 S H   0.241  0.705  0.054
  99 A H   0.049  0.920  0.031
 100 I H   0.064  0.900  0.036
 101 E H   0.055  0.927  0.018
 102 V H   0.072  0.912  0.016
 103 I H   0.059  0.900  0.041
 104 M H   0.109  0.738  0.153
 105 L H   0.154  0.643  0.203
 106 R H   0.184  0.695  0.121
 107 S H   0.223  0.628  0.149
 108 N H   0.273  0.557  0.170
 109 E H   0.298  0.476  0.226
 110 S U   0.575  0.325  0.100
 111 F U   0.760  0.083  0.157
 112 T U   0.870  0.042  0.088
 113 M U   0.811  0.088  0.101
 114 D U   0.884  0.050  0.066
 115 D U   0.839  0.073  0.087
 116 M U   0.735  0.130  0.135
 117 S U   0.517  0.059  0.424
 118 W S   0.354  0.126  0.520
 119 T S   0.276  0.099  0.626
 120 C U   0.634  0.113  0.253
 121 G U   0.901  0.042  0.057
 122 N U   0.748  0.129  0.124
 123 Q U   0.884  0.060  0.056
 124 D U   0.764  0.123  0.113
 125 Y U   0.694  0.184  0.123
 126 K U   0.704  0.141  0.155
 127 Y U   0.715  0.130  0.155
 128 R U   0.684  0.172  0.144
 129 V U   0.481  0.284  0.235
 130 S U   0.494  0.355  0.151
 131 D H   0.153  0.769  0.078
 132 V H   0.245  0.664  0.091
 133 T H   0.422  0.482  0.096
 134 K H   0.363  0.551  0.086
 135 A H   0.443  0.461  0.096
 136 G U   0.640  0.270  0.090
 137 H U   0.575  0.298  0.127
 138 S H   0.406  0.490  0.104
 139 L H   0.275  0.648  0.077
 140 E H   0.189  0.766  0.045
 141 L H   0.070  0.900  0.029
 142 I H   0.061  0.921  0.018
 143 E H   0.115  0.852  0.033
 144 P H   0.099  0.880  0.022
 145 L H   0.069  0.910  0.021
 146 I H   0.056  0.932  0.012
 147 K H   0.026  0.966  0.008
 148 F H   0.019  0.968  0.013
 149 Q H   0.055  0.911  0.034
 150 V H   0.053  0.875  0.072
 151 G H   0.085  0.884  0.030
 152 L H   0.304  0.682  0.014
 153 K H   0.498  0.457  0.045
 154 K H   0.385  0.584  0.031
 155 L U   0.651  0.304  0.044
 156 N U   0.862  0.079  0.060
 157 L U   0.847  0.072  0.081
 158 H U   0.919  0.036  0.046
 159 E H   0.400  0.572  0.028
 160 E H   0.078  0.914  0.008
 161 E H   0.084  0.894  0.022
 162 H H   0.045  0.873  0.082
 163 V H   0.015  0.973  0.012
 164 L H   0.017  0.951  0.032
 165 L H   0.029  0.927  0.044
 166 M H   0.027  0.908  0.065
 167 A H   0.031  0.903  0.066
 168 I H   0.068  0.801  0.131
 169 C H   0.200  0.564  0.237
 170 I H   0.240  0.452  0.308
 171 V U   0.273  0.265  0.463
 172 S U   0.497  0.300  0.203
 173 P U   0.672  0.232  0.095
 174 D U   0.782  0.105  0.113
 175 R U   0.801  0.101  0.098
 176 P U   0.739  0.151  0.110
 177 G U   0.858  0.062  0.080
 178 V U   0.684  0.230  0.085
 179 Q U   0.649  0.225  0.126
 180 D U   0.644  0.183  0.173
 181 A H   0.202  0.735  0.063
 182 A H   0.094  0.893  0.013
 183 L H   0.190  0.779  0.031
 184 I H   0.073  0.907  0.020
 185 E H   0.031  0.961  0.008
 186 A H   0.043  0.951  0.005
 187 I H   0.037  0.959  0.003
 188 Q H   0.018  0.976  0.006
 189 D H   0.027  0.964  0.008
 190 R H   0.125  0.861  0.014
 191 L H   0.030  0.968  0.003
 192 S H   0.017  0.980  0.003
 193 N H   0.016  0.981  0.002
 194 T H   0.069  0.906  0.025
 195 L H   0.026  0.952  0.023
 196 Q H   0.006  0.976  0.018
 197 T H   0.012  0.971  0.017
 198 Y H   0.027  0.928  0.045
 199 I H   0.051  0.893  0.056
 200 R H   0.088  0.856  0.056
 201 C H   0.333  0.572  0.095
 202 R U   0.591  0.353  0.055
 203 H U   0.843  0.067  0.090
 204 P U   0.849  0.065  0.087
 205 P U   0.847  0.066  0.087
 206 P U   0.834  0.081  0.085
 207 G U   0.875  0.055  0.070
 208 S U   0.792  0.130  0.078
 209 H H   0.251  0.657  0.093
 210 L H   0.423  0.432  0.145
 211 L H   0.180  0.754  0.066
 212 Y H   0.094  0.874  0.033
 213 A H   0.053  0.924  0.023
 214 K H   0.065  0.924  0.011
 215 M H   0.093  0.889  0.018
 216 I H   0.024  0.967  0.010
 217 Q H   0.131  0.856  0.013
 218 K H   0.114  0.858  0.028
 219 L H   0.163  0.819  0.018
 220 A H   0.059  0.925  0.017
 221 D H   0.184  0.777  0.039
 222 L H   0.035  0.962  0.003
 223 R H   0.055  0.921  0.024
 224 S H   0.037  0.956  0.007
 225 L H   0.068  0.920  0.012
 226 N H   0.020  0.973  0.007
 227 E H   0.035  0.958  0.007
 228 E H   0.067  0.923  0.010
 229 H H   0.024  0.973  0.003
 230 S H   0.020  0.974  0.006
 231 K H   0.043  0.946  0.011
 232 Q H   0.047  0.910  0.043
 233 Y H   0.069  0.897  0.034
 234 R H   0.028  0.927  0.044
 235 C H   0.067  0.852  0.082
 236 L H   0.107  0.557  0.336
 237 S H   0.296  0.497  0.207
 238 F U   0.560  0.075  0.365
 239 Q U   0.715  0.109  0.176
 240 P U   0.711  0.045  0.244
 241 E U   0.758  0.114  0.128
 242 C U   0.709  0.059  0.232
 243 S U   0.822  0.078  0.100
 244 M U   0.713  0.044  0.243
 245 K U   0.722  0.133  0.145
 246 L U   0.796  0.072  0.132
 247 T H   0.390  0.536  0.074
 248 P H   0.211  0.690  0.099
 249 L H   0.207  0.741  0.052
 250 V H   0.235  0.717  0.048
 251 L H   0.032  0.925  0.044
 252 E H   0.086  0.819  0.095
 253 V H   0.047  0.892  0.061
 254 F H   0.144  0.776  0.080
 255 G H   0.162  0.737  0.101
 256 N H   0.536  0.238  0.226
 257 E H   0.454  0.455  0.091
 258 I U   0.790  0.151  0.059
 259 S U   0.778  0.110  0.112
