# TARGET 1IE9:A|PDBID|CHAIN|SEQUENCE
# Using neural net overrep-3617-IDaa13-7-10-11-10-11-7-7-ebghtl-seeded3-stride-trained.net
# This is a 4-layer network, with 
#	window	units
#	    7	   10
#	   11	   10
#	   11	    7
#	    7	    6 (1 EBGHTL )
# The input amino acid frequencies were determined from
# alignment ./1IE9.fasta
# with weighted counts, using EntropyWeight(1.4 bits/column, 10)
# The weighting was determined by the posterior distribution
# after regularizing with /sb/meiler/scripts/sequence_analysis/sam/recode3.20comp.
# Counts were regularized to probabilities using
# /sb/meiler/scripts/sequence_analysis/sam/recode3.20comp
# Total sequence weight for alignment was 1
#
Pos	AA	E	B	G	H	T	C
10N	1S	5N	5N	5N	5N	5N	5N
1	D	0.013	0.004	0.003	0.033	0.206	0.742
2	S	0.044	0.027	0.018	0.063	0.220	0.629
3	L	0.049	0.044	0.039	0.108	0.282	0.479
4	R	0.025	0.012	0.102	0.098	0.412	0.352
5	P	0.016	0.007	0.177	0.223	0.363	0.213
6	K	0.017	0.011	0.113	0.222	0.374	0.263
7	L	0.017	0.019	0.066	0.288	0.293	0.317
8	S	0.012	0.009	0.031	0.292	0.235	0.421
9	E	0.005	0.002	0.057	0.805	0.081	0.050
10	E	0.005	0.003	0.053	0.789	0.083	0.067
11	Q	0.004	0.001	0.040	0.874	0.050	0.031
12	Q	0.006	0.002	0.015	0.881	0.049	0.047
13	R	0.010	0.001	0.009	0.918	0.029	0.033
14	I	0.011	0.002	0.005	0.946	0.016	0.021
15	I	0.019	0.001	0.005	0.942	0.015	0.018
16	A	0.020	0.001	0.004	0.948	0.013	0.013
17	I	0.032	0.001	0.007	0.933	0.015	0.013
18	L	0.027	0.002	0.008	0.929	0.018	0.016
19	L	0.028	0.002	0.011	0.892	0.033	0.033
20	D	0.037	0.004	0.019	0.755	0.093	0.091
21	A	0.029	0.006	0.041	0.641	0.160	0.123
22	H	0.037	0.007	0.049	0.368	0.292	0.248
23	H	0.056	0.008	0.076	0.203	0.393	0.265
24	K	0.081	0.014	0.066	0.145	0.361	0.332
25	T	0.123	0.028	0.062	0.130	0.326	0.332
26	Y	0.118	0.040	0.031	0.089	0.286	0.437
27	D	0.073	0.017	0.029	0.060	0.413	0.407
28	P	0.057	0.013	0.080	0.100	0.490	0.260
29	T	0.056	0.021	0.096	0.112	0.477	0.238
30	Y	0.074	0.034	0.150	0.155	0.447	0.141
31	S	0.062	0.024	0.120	0.170	0.414	0.211
32	D	0.081	0.014	0.166	0.145	0.410	0.184
33	F	0.127	0.019	0.176	0.134	0.361	0.183
34	C	0.243	0.024	0.119	0.085	0.316	0.213
35	Q	0.292	0.024	0.058	0.057	0.262	0.306
36	F	0.320	0.043	0.028	0.037	0.211	0.361
37	R	0.233	0.020	0.014	0.016	0.237	0.479
38	P	0.122	0.007	0.009	0.011	0.227	0.625
39	P	0.224	0.012	0.013	0.014	0.233	0.505
40	V	0.464	0.033	0.018	0.022	0.166	0.297
41	R	0.584	0.046	0.017	0.016	0.127	0.211
42	V	0.495	0.039	0.018	0.012	0.217	0.219
43	N	0.257	0.035	0.024	0.007	0.521	0.154
44	D	0.067	0.013	0.017	0.004	0.766	0.133
45	G	0.036	0.012	0.014	0.005	0.801	0.133
46	G	0.093	0.018	0.008	0.007	0.652	0.222
47	G	0.268	0.032	0.009	0.012	0.309	0.369
48	S	0.522	0.036	0.011	0.024	0.156	0.251
49	V	0.735	0.014	0.014	0.036	0.078	0.123
50	T	0.788	0.014	0.008	0.046	0.043	0.101
51	L	0.733	0.012	0.012	0.077	0.054	0.113
52	E	0.600	0.014	0.019	0.124	0.089	0.154
53	L	0.299	0.011	0.091	0.305	0.158	0.137
54	S	0.174	0.010	0.097	0.277	0.252	0.190
55	Q	0.110	0.007	0.184	0.316	0.254	0.129
56	L	0.063	0.009	0.189	0.371	0.242	0.126
57	S	0.056	0.009	0.143	0.398	0.245	0.148
58	M	0.045	0.013	0.103	0.387	0.251	0.200
59	L	0.033	0.008	0.061	0.276	0.309	0.313
60	P	0.024	0.007	0.117	0.387	0.292	0.173
61	H	0.023	0.009	0.114	0.441	0.231	0.182
62	L	0.017	0.006	0.142	0.562	0.183	0.090
63	A	0.015	0.003	0.150	0.616	0.153	0.063
64	D	0.025	0.003	0.117	0.631	0.144	0.081
65	L	0.041	0.005	0.087	0.684	0.116	0.067
66	V	0.070	0.006	0.040	0.695	0.095	0.094
67	S	0.085	0.005	0.024	0.667	0.094	0.126
68	Y	0.077	0.005	0.020	0.690	0.090	0.118
69	S	0.068	0.005	0.018	0.732	0.076	0.101
70	I	0.054	0.003	0.024	0.810	0.057	0.052
71	Q	0.069	0.003	0.031	0.772	0.068	0.057
72	K	0.064	0.003	0.040	0.793	0.060	0.040
73	V	0.081	0.005	0.035	0.764	0.064	0.050
74	I	0.075	0.005	0.034	0.752	0.074	0.060
75	G	0.080	0.006	0.042	0.679	0.104	0.089
76	F	0.103	0.006	0.081	0.578	0.136	0.097
77	A	0.073	0.006	0.157	0.542	0.152	0.070
78	K	0.093	0.007	0.136	0.436	0.214	0.114
79	M	0.098	0.018	0.086	0.355	0.256	0.188
80	I	0.069	0.020	0.051	0.189	0.434	0.236
81	P	0.042	0.008	0.065	0.145	0.525	0.215
82	G	0.036	0.009	0.083	0.121	0.550	0.201
83	F	0.055	0.018	0.105	0.122	0.532	0.169
84	R	0.081	0.023	0.092	0.135	0.399	0.269
85	D	0.106	0.020	0.092	0.117	0.375	0.291
86	L	0.101	0.022	0.086	0.115	0.379	0.298
87	T	0.091	0.025	0.035	0.094	0.318	0.437
88	S	0.074	0.017	0.051	0.110	0.448	0.301
89	E	0.061	0.007	0.105	0.194	0.458	0.174
90	D	0.102	0.004	0.079	0.162	0.437	0.215
91	Q	0.371	0.009	0.061	0.168	0.242	0.149
92	I	0.647	0.011	0.015	0.143	0.065	0.119
93	V	0.807	0.007	0.010	0.101	0.026	0.048
94	L	0.792	0.007	0.010	0.113	0.028	0.049
95	L	0.683	0.007	0.016	0.109	0.072	0.114
96	K	0.490	0.008	0.027	0.113	0.181	0.182
97	S	0.272	0.008	0.060	0.172	0.285	0.203
98	S	0.196	0.007	0.041	0.153	0.334	0.270
99	A	0.301	0.006	0.032	0.117	0.263	0.280
100	I	0.550	0.008	0.014	0.065	0.123	0.240
101	E	0.818	0.004	0.010	0.046	0.039	0.083
102	V	0.911	0.002	0.005	0.036	0.013	0.034
103	I	0.932	0.002	0.005	0.035	0.008	0.019
104	M	0.922	0.003	0.004	0.034	0.011	0.027
105	L	0.861	0.006	0.005	0.033	0.034	0.062
106	R	0.615	0.009	0.014	0.030	0.200	0.132
107	S	0.230	0.009	0.026	0.035	0.473	0.227
108	N	0.096	0.007	0.031	0.022	0.675	0.169
109	E	0.182	0.012	0.044	0.026	0.553	0.183
110	S	0.281	0.022	0.036	0.034	0.347	0.280
111	F	0.444	0.043	0.021	0.032	0.209	0.250
112	T	0.444	0.043	0.016	0.038	0.145	0.315
113	M	0.326	0.021	0.063	0.084	0.261	0.245
114	D	0.192	0.011	0.088	0.092	0.371	0.245
115	D	0.175	0.010	0.095	0.102	0.409	0.210
116	M	0.239	0.022	0.062	0.120	0.308	0.248
117	S	0.302	0.022	0.046	0.107	0.273	0.250
118	W	0.359	0.020	0.057	0.091	0.262	0.211
119	T	0.368	0.024	0.054	0.095	0.233	0.226
120	C	0.260	0.032	0.055	0.078	0.335	0.241
121	G	0.122	0.017	0.023	0.044	0.367	0.426
122	N	0.090	0.014	0.038	0.054	0.445	0.359
123	Q	0.112	0.018	0.082	0.090	0.429	0.268
124	D	0.151	0.011	0.056	0.072	0.360	0.349
125	Y	0.304	0.014	0.046	0.062	0.263	0.311
126	K	0.508	0.018	0.026	0.062	0.139	0.247
127	Y	0.661	0.015	0.017	0.053	0.090	0.164
128	R	0.657	0.019	0.015	0.055	0.089	0.166
129	V	0.527	0.015	0.026	0.081	0.166	0.185
130	S	0.311	0.008	0.032	0.096	0.278	0.274
131	D	0.267	0.010	0.052	0.127	0.317	0.227
132	V	0.347	0.022	0.047	0.130	0.264	0.189
133	T	0.278	0.031	0.045	0.192	0.258	0.196
134	K	0.184	0.019	0.062	0.197	0.391	0.146
135	A	0.076	0.009	0.054	0.221	0.440	0.201
136	G	0.048	0.008	0.029	0.103	0.506	0.306
137	H	0.100	0.022	0.030	0.158	0.363	0.327
138	S	0.142	0.024	0.036	0.184	0.245	0.369
139	L	0.172	0.014	0.122	0.350	0.198	0.144
140	E	0.200	0.010	0.120	0.366	0.164	0.139
141	L	0.227	0.010	0.103	0.406	0.132	0.123
142	I	0.217	0.013	0.048	0.456	0.124	0.143
143	E	0.172	0.006	0.040	0.501	0.132	0.150
144	P	0.154	0.004	0.033	0.569	0.120	0.120
145	L	0.210	0.006	0.032	0.524	0.110	0.118
146	I	0.285	0.007	0.028	0.481	0.094	0.105
147	K	0.331	0.007	0.025	0.462	0.077	0.098
148	F	0.286	0.007	0.028	0.478	0.084	0.118
149	Q	0.237	0.009	0.030	0.478	0.117	0.129
150	V	0.141	0.007	0.029	0.497	0.143	0.183
151	G	0.136	0.007	0.028	0.312	0.238	0.280
152	L	0.148	0.010	0.068	0.346	0.246	0.183
153	K	0.139	0.010	0.067	0.345	0.223	0.216
154	K	0.149	0.014	0.087	0.387	0.212	0.150
155	L	0.093	0.013	0.059	0.342	0.236	0.256
156	N	0.069	0.011	0.044	0.246	0.290	0.340
157	L	0.057	0.015	0.055	0.267	0.284	0.322
158	H	0.046	0.015	0.052	0.207	0.326	0.354
159	E	0.027	0.007	0.175	0.455	0.248	0.088
160	E	0.020	0.003	0.136	0.528	0.215	0.099
161	E	0.041	0.003	0.093	0.551	0.201	0.110
162	H	0.115	0.007	0.035	0.544	0.136	0.163
163	V	0.302	0.008	0.018	0.477	0.067	0.129
164	L	0.465	0.005	0.015	0.415	0.039	0.060
165	L	0.559	0.004	0.016	0.347	0.031	0.044
166	M	0.575	0.003	0.019	0.319	0.034	0.051
167	A	0.720	0.002	0.019	0.181	0.032	0.046
168	I	0.819	0.002	0.012	0.100	0.022	0.045
169	C	0.826	0.003	0.009	0.088	0.024	0.050
170	I	0.818	0.007	0.007	0.064	0.031	0.072
171	V	0.636	0.028	0.008	0.058	0.082	0.189
172	S	0.192	0.017	0.024	0.024	0.581	0.163
173	P	0.021	0.003	0.058	0.015	0.803	0.100
174	D	0.011	0.009	0.048	0.015	0.841	0.076
175	R	0.015	0.026	0.044	0.012	0.870	0.033
176	P	0.014	0.016	0.034	0.041	0.715	0.180
177	G	0.021	0.017	0.046	0.064	0.662	0.189
178	V	0.040	0.038	0.074	0.193	0.517	0.139
179	Q	0.043	0.026	0.037	0.331	0.253	0.310
180	D	0.031	0.008	0.051	0.631	0.153	0.126
181	A	0.017	0.003	0.025	0.815	0.074	0.066
182	A	0.014	0.002	0.013	0.901	0.036	0.034
183	L	0.016	0.003	0.011	0.923	0.027	0.021
184	I	0.012	0.002	0.009	0.936	0.023	0.019
185	E	0.006	0.001	0.008	0.956	0.018	0.012
186	A	0.006	0.001	0.010	0.951	0.019	0.012
187	I	0.004	0.001	0.009	0.951	0.020	0.015
188	Q	0.004	0.001	0.013	0.933	0.029	0.019
189	D	0.005	0.002	0.021	0.878	0.054	0.040
190	R	0.006	0.003	0.030	0.813	0.079	0.068
191	L	0.010	0.004	0.039	0.739	0.112	0.097
192	S	0.015	0.003	0.043	0.578	0.192	0.169
193	N	0.019	0.004	0.034	0.645	0.158	0.140
194	T	0.036	0.006	0.022	0.650	0.128	0.159
195	L	0.082	0.007	0.020	0.592	0.128	0.171
196	Q	0.141	0.005	0.017	0.595	0.097	0.146
197	T	0.219	0.004	0.026	0.611	0.066	0.073
198	Y	0.321	0.009	0.026	0.510	0.059	0.074
199	I	0.334	0.006	0.028	0.481	0.061	0.090
200	R	0.406	0.011	0.025	0.302	0.090	0.166
201	C	0.287	0.012	0.025	0.135	0.158	0.382
202	R	0.157	0.017	0.016	0.050	0.213	0.548
203	H	0.105	0.020	0.013	0.023	0.257	0.582
204	P	0.038	0.021	0.007	0.010	0.293	0.630
205	P	0.023	0.019	0.013	0.014	0.519	0.413
206	P	0.012	0.009	0.019	0.030	0.580	0.350
207	G	0.015	0.015	0.034	0.086	0.611	0.238
208	S	0.039	0.022	0.059	0.291	0.430	0.159
209	H	0.047	0.011	0.053	0.575	0.176	0.138
210	L	0.069	0.011	0.052	0.695	0.104	0.070
211	L	0.063	0.010	0.030	0.778	0.063	0.056
212	Y	0.053	0.005	0.026	0.821	0.047	0.048
213	A	0.025	0.002	0.022	0.885	0.035	0.031
214	K	0.019	0.001	0.019	0.900	0.034	0.027
215	M	0.020	0.002	0.015	0.909	0.029	0.024
216	I	0.013	0.002	0.010	0.923	0.027	0.025
217	Q	0.010	0.001	0.010	0.922	0.032	0.025
218	K	0.010	0.002	0.013	0.902	0.039	0.034
219	L	0.004	0.002	0.017	0.904	0.041	0.032
220	A	0.004	0.001	0.022	0.883	0.053	0.037
221	D	0.007	0.003	0.034	0.809	0.079	0.068
222	L	0.009	0.004	0.049	0.748	0.102	0.088
223	R	0.013	0.004	0.056	0.662	0.143	0.122
224	S	0.020	0.005	0.060	0.589	0.176	0.150
225	L	0.021	0.011	0.037	0.532	0.172	0.226
226	N	0.021	0.007	0.032	0.333	0.282	0.326
227	E	0.018	0.004	0.068	0.590	0.203	0.117
228	E	0.024	0.007	0.080	0.483	0.245	0.162
229	H	0.030	0.011	0.090	0.507	0.237	0.126
230	S	0.033	0.009	0.053	0.410	0.290	0.205
231	K	0.054	0.007	0.069	0.430	0.261	0.179
232	Q	0.089	0.010	0.062	0.358	0.273	0.207
233	Y	0.195	0.014	0.060	0.268	0.240	0.224
234	R	0.384	0.014	0.044	0.199	0.148	0.210
235	C	0.511	0.013	0.047	0.144	0.122	0.164
236	L	0.468	0.012	0.041	0.132	0.151	0.197
237	S	0.427	0.016	0.027	0.092	0.177	0.260
238	F	0.289	0.032	0.018	0.093	0.180	0.387
239	Q	0.141	0.016	0.023	0.061	0.362	0.397
240	P	0.081	0.011	0.108	0.118	0.425	0.257
241	E	0.070	0.011	0.128	0.128	0.427	0.235
242	C	0.139	0.025	0.142	0.127	0.368	0.199
243	S	0.177	0.019	0.062	0.092	0.289	0.361
244	M	0.217	0.019	0.052	0.099	0.247	0.367
245	K	0.289	0.028	0.034	0.090	0.207	0.352
246	L	0.252	0.020	0.030	0.114	0.217	0.368
247	T	0.138	0.008	0.021	0.112	0.234	0.488
248	P	0.168	0.005	0.030	0.367	0.183	0.247
249	L	0.238	0.008	0.026	0.521	0.100	0.107
250	V	0.341	0.011	0.026	0.495	0.067	0.060
251	L	0.363	0.007	0.025	0.471	0.069	0.066
252	E	0.264	0.006	0.029	0.548	0.079	0.074
253	V	0.219	0.012	0.035	0.537	0.092	0.105
254	F	0.155	0.011	0.053	0.510	0.135	0.136
255	G	0.111	0.007	0.098	0.280	0.293	0.211
256	N	0.078	0.006	0.084	0.199	0.336	0.297
257	E	0.080	0.018	0.072	0.145	0.277	0.408
258	I	0.037	0.020	0.018	0.110	0.172	0.642
259	S	0.001	0.001	0.001	0.002	0.036	0.960
