# TARGET 1ksr_
# Using neural net overrep-3617-IDaa13-7-10-11-10-11-7-7-ebghtl-seeded3-stride-trained.net
# This is a 4-layer network, with 
#	window	units
#	    7	   10
#	   11	   10
#	   11	    7
#	    7	    6 (1 EBGHTL )
# The input amino acid frequencies were determined from
# alignment /users/mj/sec_rosetta_runs/1ksr_score/1ksr__uniqueseq.a2m
# with weighted counts, using EntropyWeight(1.4 bits/column, 10)
# The weighting was determined by the posterior distribution
# after regularizing with recode3.20comp.
# Counts were regularized to probabilities using
# recode3.20comp
# Total sequence weight for alignment was 209
#
Pos	AA	E	H	L
10N	1S	5N	5N	5N
       0	S	   0.057	   0.015	   0.928
       1	Y	   0.302	   0.025	   0.673
       2	A	   0.427	   0.032	   0.542
       3	E	    0.41	   0.025	   0.565
       4	G	   0.282	   0.022	   0.696
       5	P	   0.112	   0.025	   0.863
       6	G	   0.132	   0.039	   0.829
       7	L	   0.186	   0.058	   0.755
       8	D	   0.209	   0.071	    0.72
       9	G	   0.313	   0.063	   0.623
      10	G	   0.397	   0.044	   0.559
      11	E	    0.51	   0.029	    0.46
      12	C	   0.382	   0.022	   0.597
      13	F	   0.198	   0.016	   0.786
      14	Q	   0.267	   0.013	    0.72
      15	P	   0.353	   0.009	   0.638
      16	S	    0.62	   0.007	   0.373
      17	K	   0.897	   0.003	   0.101
      18	F	   0.965	   0.002	   0.034
      19	K	    0.98	   0.002	   0.019
      20	I	    0.97	   0.002	   0.028
      21	H	   0.871	   0.002	   0.127
      22	A	   0.636	   0.007	   0.356
      23	V	   0.449	   0.008	   0.543
      24	D	    0.19	   0.011	     0.8
      25	P	   0.089	   0.016	   0.895
      26	D	   0.034	   0.014	   0.952
      27	G	    0.08	   0.016	   0.904
      28	V	   0.385	   0.008	   0.608
      29	H	   0.482	   0.007	   0.511
      30	R	   0.431	   0.012	   0.557
      31	T	   0.295	   0.018	   0.686
      32	D	   0.233	   0.025	   0.743
      33	G	   0.218	   0.029	   0.753
      34	G	   0.174	   0.018	   0.806
      35	D	   0.228	   0.013	   0.759
      36	G	    0.66	   0.008	   0.333
      37	F	    0.84	   0.004	   0.156
      38	V	   0.949	   0.003	   0.049
      39	V	   0.981	   0.002	   0.018
      40	T	   0.988	   0.002	   0.012
      41	I	   0.977	   0.002	   0.022
      42	E	   0.899	   0.002	     0.1
      43	G	   0.605	   0.006	    0.39
      44	P	     0.1	   0.018	   0.882
      45	A	   0.046	   0.026	   0.928
      46	P	   0.124	   0.028	   0.848
      47	V	   0.222	   0.006	   0.771
      48	D	   0.501	   0.006	   0.494
      49	P	   0.805	   0.004	   0.191
      50	V	   0.953	   0.003	   0.045
      51	M	    0.97	   0.002	   0.029
      52	V	   0.936	   0.002	   0.061
      53	D	   0.824	   0.003	   0.173
      54	N	   0.284	   0.007	   0.709
      55	G	   0.035	   0.007	   0.958
      56	D	   0.024	   0.006	    0.97
      57	G	    0.21	   0.007	   0.785
      58	T	   0.828	   0.003	   0.169
      59	Y	   0.943	   0.002	   0.055
      60	D	   0.978	   0.002	   0.021
      61	V	   0.982	   0.002	   0.018
      62	E	   0.974	   0.002	   0.025
      63	F	   0.925	   0.002	   0.073
      64	E	   0.767	   0.003	   0.231
      65	P	   0.398	   0.005	   0.597
      66	K	   0.303	   0.009	    0.69
      67	E	    0.38	   0.012	   0.609
      68	A	   0.329	   0.008	   0.663
      69	G	   0.302	   0.006	   0.693
      70	D	   0.615	   0.005	   0.381
      71	Y	   0.854	   0.003	   0.145
      72	V	   0.969	   0.002	    0.03
      73	I	   0.986	   0.002	   0.014
      74	N	   0.985	   0.002	   0.014
      75	L	   0.964	   0.002	   0.035
      76	T	   0.895	   0.002	   0.103
      77	L	   0.375	   0.012	   0.615
      78	D	   0.059	   0.009	   0.932
      79	G	    0.08	   0.017	   0.904
      80	D	    0.58	   0.007	   0.414
      81	N	   0.673	   0.004	   0.323
      82	V	   0.533	   0.009	   0.459
      83	N	   0.214	   0.016	   0.772
      84	G	   0.132	   0.014	   0.854
      85	F	   0.221	   0.011	   0.769
      86	P	   0.373	   0.008	    0.62
      87	K	   0.558	   0.011	   0.431
      88	T	   0.712	   0.013	   0.276
      89	V	    0.78	   0.008	   0.213
      90	T	   0.548	   0.016	   0.435
      91	V	   0.088	   0.003	   0.909
