   1 S U   0.888  0.044  0.068
   2 Y U   0.908  0.027  0.065
   3 A U   0.803  0.083  0.114
   4 E U   0.840  0.051  0.109
   5 G U   0.854  0.052  0.093
   6 P U   0.752  0.116  0.131
   7 G U   0.798  0.071  0.131
   8 L U   0.641  0.084  0.275
   9 D U   0.646  0.162  0.192
  10 G U   0.702  0.134  0.164
  11 G U   0.767  0.058  0.174
  12 E U   0.334  0.049  0.617
  13 C U   0.572  0.166  0.262
  14 F U   0.720  0.076  0.204
  15 Q U   0.724  0.095  0.181
  16 P U   0.506  0.224  0.270
  17 S U   0.572  0.113  0.315
  18 K S   0.198  0.021  0.781
  19 F S   0.139  0.017  0.844
  20 K S   0.028  0.038  0.934
  21 I S   0.053  0.055  0.892
  22 H S   0.117  0.024  0.859
  23 A S   0.244  0.047  0.709
  24 V S   0.272  0.060  0.668
  25 D S   0.309  0.075  0.616
  26 P U   0.763  0.119  0.118
  27 D U   0.861  0.063  0.076
  28 G U   0.739  0.136  0.125
  29 V S   0.373  0.028  0.599
  30 H S   0.404  0.094  0.502
  31 R S   0.384  0.204  0.412
  32 T S   0.390  0.081  0.529
  33 D U   0.529  0.185  0.287
  34 G U   0.946  0.018  0.036
  35 G U   0.931  0.028  0.041
  36 D U   0.884  0.039  0.078
  37 G S   0.367  0.050  0.584
  38 F S   0.300  0.003  0.697
  39 V S   0.081  0.013  0.906
  40 V S   0.055  0.008  0.938
  41 T S   0.093  0.013  0.894
  42 I S   0.133  0.015  0.852
  43 E U   0.509  0.020  0.471
  44 G U   0.617  0.022  0.360
  45 P U   0.791  0.087  0.122
  46 A U   0.708  0.071  0.221
  47 P U   0.751  0.012  0.237
  48 V S   0.319  0.041  0.640
  49 D S   0.311  0.005  0.684
  50 P S   0.110  0.012  0.879
  51 V S   0.053  0.008  0.939
  52 M S   0.066  0.006  0.928
  53 V S   0.154  0.024  0.822
  54 D S   0.385  0.037  0.578
  55 N U   0.652  0.033  0.315
  56 G U   0.954  0.019  0.027
  57 D U   0.906  0.035  0.060
  58 G U   0.790  0.007  0.203
  59 T S   0.097  0.038  0.865
  60 Y S   0.161  0.006  0.833
  61 D S   0.108  0.028  0.863
  62 V S   0.087  0.010  0.903
  63 E S   0.045  0.021  0.934
  64 F S   0.125  0.027  0.848
  65 E S   0.138  0.028  0.834
  66 P S   0.224  0.030  0.746
  67 K U   0.689  0.053  0.257
  68 E U   0.514  0.129  0.357
  69 A U   0.613  0.175  0.212
  70 G U   0.843  0.058  0.099
  71 D U   0.525  0.019  0.456
  72 Y S   0.092  0.028  0.880
  73 V S   0.089  0.030  0.881
  74 I S   0.043  0.032  0.926
  75 N S   0.031  0.017  0.952
  76 L S   0.035  0.043  0.922
  77 T S   0.064  0.096  0.840
  78 L S   0.131  0.024  0.845
  79 D U   0.742  0.016  0.242
  80 G U   0.899  0.045  0.057
  81 D U   0.814  0.044  0.142
  82 N U   0.632  0.048  0.320
  83 V U   0.857  0.045  0.098
  84 N U   0.701  0.027  0.272
  85 G U   0.901  0.034  0.065
  86 F U   0.778  0.025  0.197
  87 P U   0.584  0.026  0.389
  88 K S   0.363  0.011  0.626
  89 T S   0.205  0.004  0.791
  90 V S   0.250  0.009  0.741
  91 T S   0.401  0.014  0.585
  92 V S   0.465  0.022  0.513
