# TARGET 1UBI:_|PDBID|CHAIN|SEQUENCE
# Using neural net overrep-3617-IDaa13-7-10-11-10-11-7-7-ebghtl-seeded3-stride-trained.net
# This is a 4-layer network, with 
#	window	units
#	    7	   10
#	   11	   10
#	   11	    7
#	    7	    6 (1 EBGHTL )
# The input amino acid frequencies were determined from
# alignment ./1ubi.fasta
# with weighted counts, using EntropyWeight(1.4 bits/column, 10)
# The weighting was determined by the posterior distribution
# after regularizing with /sb/meiler/scripts/sequence_analysis/sam/recode3.20comp.
# Counts were regularized to probabilities using
# /sb/meiler/scripts/sequence_analysis/sam/recode3.20comp
# Total sequence weight for alignment was 1
#
Pos	AA	E	B	G	H	T	C
10N	1S	5N	5N	5N	5N	5N	5N
1	M	0.015	0.001	0.001	0.008	0.089	0.886
2	Q	0.296	0.014	0.006	0.024	0.083	0.577
3	I	0.666	0.013	0.013	0.047	0.071	0.190
4	F	0.826	0.008	0.011	0.039	0.036	0.080
5	V	0.839	0.005	0.011	0.036	0.038	0.071
6	K	0.760	0.007	0.010	0.030	0.071	0.123
7	T	0.665	0.010	0.020	0.038	0.128	0.138
8	L	0.458	0.017	0.033	0.044	0.320	0.129
9	T	0.256	0.010	0.033	0.033	0.475	0.194
10	G	0.184	0.006	0.021	0.015	0.490	0.284
11	K	0.438	0.012	0.013	0.008	0.250	0.280
12	T	0.691	0.014	0.008	0.007	0.083	0.198
13	I	0.853	0.007	0.005	0.004	0.031	0.099
14	T	0.887	0.006	0.003	0.004	0.020	0.081
15	L	0.883	0.004	0.003	0.003	0.026	0.081
16	E	0.835	0.007	0.004	0.004	0.034	0.115
17	V	0.671	0.022	0.007	0.007	0.076	0.218
18	E	0.393	0.028	0.011	0.008	0.247	0.313
19	P	0.116	0.010	0.051	0.019	0.463	0.341
20	S	0.056	0.009	0.101	0.045	0.557	0.232
21	D	0.080	0.014	0.100	0.086	0.516	0.204
22	T	0.115	0.028	0.053	0.175	0.329	0.299
23	I	0.124	0.019	0.052	0.378	0.241	0.185
24	E	0.136	0.011	0.054	0.431	0.225	0.142
25	N	0.128	0.009	0.054	0.488	0.197	0.125
26	V	0.147	0.010	0.044	0.548	0.138	0.112
27	K	0.150	0.007	0.023	0.574	0.097	0.149
28	A	0.113	0.004	0.021	0.715	0.067	0.080
29	K	0.136	0.009	0.017	0.677	0.072	0.089
30	I	0.129	0.008	0.026	0.638	0.093	0.106
31	Q	0.106	0.008	0.028	0.585	0.140	0.134
32	D	0.071	0.010	0.042	0.460	0.237	0.180
33	K	0.032	0.010	0.098	0.430	0.323	0.108
34	E	0.022	0.009	0.099	0.277	0.413	0.179
35	G	0.012	0.006	0.014	0.017	0.386	0.565
36	I	0.027	0.053	0.007	0.009	0.215	0.688
37	P	0.022	0.035	0.010	0.008	0.264	0.661
38	P	0.014	0.013	0.164	0.065	0.505	0.240
39	D	0.013	0.006	0.210	0.115	0.471	0.185
40	Q	0.028	0.007	0.338	0.187	0.360	0.080
41	Q	0.098	0.013	0.136	0.241	0.281	0.230
42	R	0.331	0.012	0.085	0.214	0.169	0.188
43	L	0.632	0.015	0.034	0.129	0.083	0.107
44	I	0.694	0.016	0.020	0.133	0.060	0.078
45	F	0.613	0.014	0.021	0.121	0.151	0.079
46	A	0.390	0.006	0.026	0.104	0.314	0.160
47	G	0.193	0.008	0.026	0.119	0.433	0.220
48	K	0.342	0.019	0.023	0.069	0.335	0.211
49	Q	0.375	0.036	0.024	0.086	0.212	0.266
50	L	0.226	0.041	0.043	0.081	0.381	0.228
51	E	0.120	0.017	0.046	0.051	0.634	0.131
52	D	0.058	0.006	0.042	0.034	0.690	0.170
53	G	0.059	0.008	0.020	0.015	0.635	0.262
54	R	0.265	0.037	0.015	0.015	0.325	0.343
55	T	0.354	0.055	0.015	0.021	0.159	0.397
56	L	0.311	0.033	0.030	0.045	0.236	0.346
57	S	0.184	0.012	0.038	0.072	0.287	0.407
58	D	0.133	0.008	0.079	0.250	0.301	0.229
59	Y	0.144	0.010	0.081	0.307	0.264	0.194
60	N	0.171	0.011	0.056	0.246	0.266	0.250
61	I	0.228	0.020	0.053	0.237	0.224	0.238
62	Q	0.230	0.019	0.052	0.220	0.226	0.253
63	K	0.171	0.010	0.086	0.202	0.293	0.239
64	E	0.163	0.007	0.088	0.202	0.311	0.229
65	S	0.244	0.009	0.062	0.158	0.274	0.252
66	T	0.439	0.009	0.030	0.115	0.173	0.235
67	L	0.657	0.005	0.013	0.064	0.078	0.182
68	H	0.782	0.003	0.006	0.070	0.035	0.104
69	L	0.851	0.003	0.005	0.088	0.016	0.037
70	V	0.885	0.004	0.004	0.068	0.012	0.027
71	L	0.840	0.003	0.008	0.072	0.024	0.054
72	R	0.784	0.004	0.012	0.055	0.054	0.091
73	L	0.439	0.008	0.033	0.128	0.141	0.252
74	R	0.228	0.018	0.020	0.073	0.178	0.482
75	G	0.079	0.014	0.013	0.063	0.168	0.662
76	G	0.001	0.001	0.001	0.001	0.033	0.964
