   1 M U   0.603  0.006  0.391
   2 Q S   0.214  0.015  0.771
   3 I S   0.225  0.015  0.760
   4 F S   0.063  0.003  0.934
   5 V S   0.077  0.019  0.905
   6 K S   0.263  0.059  0.678
   7 T S   0.324  0.049  0.627
   8 L U   0.586  0.031  0.383
   9 T U   0.901  0.032  0.067
  10 G U   0.898  0.042  0.060
  11 K U   0.589  0.020  0.391
  12 T S   0.453  0.030  0.516
  13 I S   0.163  0.020  0.817
  14 T S   0.130  0.019  0.851
  15 L S   0.134  0.018  0.848
  16 E S   0.094  0.026  0.880
  17 V S   0.213  0.012  0.775
  18 E U   0.499  0.023  0.478
  19 P U   0.793  0.127  0.080
  20 S U   0.773  0.217  0.010
  21 D U   0.577  0.406  0.017
  22 T U   0.525  0.446  0.029
  23 I H   0.148  0.845  0.007
  24 E H   0.076  0.904  0.020
  25 N H   0.083  0.880  0.037
  26 V H   0.079  0.907  0.014
  27 K H   0.013  0.960  0.027
  28 A H   0.028  0.871  0.100
  29 K H   0.058  0.894  0.049
  30 I H   0.074  0.889  0.037
  31 Q H   0.115  0.843  0.042
  32 D H   0.068  0.880  0.052
  33 K H   0.215  0.674  0.111
  34 E H   0.372  0.532  0.096
  35 G U   0.860  0.082  0.058
  36 I U   0.765  0.056  0.179
  37 P U   0.728  0.128  0.144
  38 P U   0.679  0.260  0.061
  39 D U   0.507  0.436  0.057
  40 Q U   0.467  0.289  0.244
  41 Q S   0.170  0.177  0.653
  42 R S   0.061  0.093  0.847
  43 L S   0.018  0.139  0.844
  44 I S   0.021  0.178  0.801
  45 F S   0.021  0.215  0.764
  46 A U   0.395  0.283  0.322
  47 G U   0.712  0.182  0.106
  48 K S   0.304  0.055  0.641
  49 Q S   0.136  0.077  0.787
  50 L U   0.492  0.170  0.338
  51 E U   0.635  0.139  0.226
  52 D U   0.820  0.082  0.098
  53 G U   0.743  0.137  0.120
  54 R U   0.638  0.187  0.175
  55 T U   0.566  0.220  0.214
  56 L H   0.424  0.501  0.075
  57 S H   0.292  0.652  0.056
  58 D H   0.378  0.532  0.089
  59 Y H   0.238  0.391  0.371
  60 N U   0.590  0.281  0.129
  61 I U   0.662  0.215  0.122
  62 Q U   0.784  0.091  0.126
  63 K U   0.763  0.115  0.122
  64 E U   0.707  0.140  0.153
  65 S U   0.693  0.044  0.263
  66 T S   0.090  0.080  0.830
  67 L S   0.050  0.329  0.621
  68 H S   0.015  0.089  0.896
  69 L S   0.007  0.220  0.774
  70 V S   0.036  0.136  0.828
  71 L S   0.035  0.104  0.860
  72 R S   0.049  0.408  0.543
  73 L S   0.157  0.351  0.493
  74 R S   0.217  0.279  0.504
  75 G U   0.771  0.098  0.131
  76 G U   0.879  0.053  0.068
