   1 M TR   0.258  0.608  0.134
   2 L TR   0.286  0.585  0.129
   3 R TR   0.254  0.620  0.125
   4 F TR   0.246  0.623  0.131
   5 L TR   0.268  0.592  0.140
   6 N TR   0.234  0.643  0.123
   7 Q TR   0.206  0.669  0.125
   8 A TR   0.250  0.633  0.117
   9 S TR   0.267  0.612  0.121
  10 Q TR   0.214  0.669  0.117
  11 G TR   0.247  0.605  0.148
  12 R TR   0.352  0.506  0.142
  13 G TR   0.339  0.536  0.124
  14 A MC   0.470  0.378  0.152
  15 W MC   0.494  0.341  0.165
  16 L MC   0.581  0.264  0.156
  17 L MC   0.624  0.233  0.143
  18 M MC   0.672  0.166  0.163
  19 A MC   0.664  0.179  0.157
  20 F MC   0.689  0.156  0.155
  21 T MC   0.686  0.159  0.155
  22 A MC   0.667  0.174  0.159
  23 L MC   0.679  0.162  0.160
  24 A MC   0.665  0.171  0.164
  25 L MC   0.668  0.163  0.169
  26 E MC   0.645  0.206  0.150
  27 L MC   0.636  0.204  0.159
  28 T MC   0.631  0.225  0.144
  29 A MC   0.542  0.308  0.150
  30 L TR   0.398  0.440  0.162
  31 W TR   0.340  0.474  0.186
  32 F TR   0.320  0.510  0.170
  33 Q TR   0.330  0.508  0.161
  34 H TR   0.286  0.524  0.190
  35 V TR   0.297  0.536  0.166
  36 M TR   0.284  0.561  0.155
  37 L TR   0.312  0.550  0.139
  38 L TR   0.370  0.499  0.131
  39 K TR   0.300  0.549  0.151
  40 P TR   0.327  0.535  0.138
  41 C TR   0.342  0.530  0.129
  42 V TR   0.289  0.561  0.150
  43 L TR   0.346  0.510  0.144
  44 S TR   0.308  0.531  0.161
  45 I TR   0.295  0.538  0.166
  46 Y TR   0.297  0.530  0.173
  47 E TR   0.377  0.470  0.153
  48 R MC   0.503  0.364  0.132
  49 A MC   0.541  0.299  0.161
  50 A MC   0.627  0.216  0.157
  51 L MC   0.636  0.209  0.155
  52 F MC   0.666  0.171  0.164
  53 G MC   0.660  0.188  0.153
  54 V MC   0.673  0.174  0.153
  55 L MC   0.646  0.209  0.145
  56 G MC   0.659  0.200  0.141
  57 A MC   0.655  0.198  0.147
  58 A MC   0.632  0.225  0.143
  59 L MC   0.601  0.247  0.152
  60 I MC   0.597  0.257  0.146
  61 G MC   0.554  0.290  0.156
  62 A TR   0.375  0.469  0.156
  63 I TR   0.351  0.506  0.143
  64 A TR   0.269  0.593  0.138
  65 P TR   0.272  0.598  0.130
  66 K TR   0.249  0.610  0.141
  67 T TR   0.225  0.649  0.127
  68 P TR   0.254  0.624  0.123
  69 L TR   0.246  0.618  0.136
  70 R TR   0.225  0.626  0.149
  71 Y TR   0.262  0.584  0.154
  72 V TR   0.395  0.466  0.139
  73 A MC   0.445  0.426  0.130
  74 M MC   0.558  0.302  0.140
  75 V MC   0.628  0.223  0.149
  76 I MC   0.637  0.211  0.152
  77 W MC   0.635  0.208  0.157
  78 L MC   0.654  0.203  0.143
  79 Y MC   0.632  0.211  0.157
  80 S MC   0.649  0.211  0.140
  81 A MC   0.648  0.205  0.147
  82 F MC   0.650  0.200  0.151
  83 R MC   0.635  0.211  0.153
  84 G MC   0.533  0.322  0.146
  85 V MC   0.526  0.312  0.163
  86 Q TR   0.414  0.443  0.143
  87 L TR   0.331  0.527  0.142
  88 T TR   0.296  0.555  0.150
  89 Y TR   0.249  0.616  0.135
  90 E TR   0.233  0.642  0.126
  91 H TR   0.218  0.667  0.115
  92 T TR   0.190  0.690  0.120
  93 M TR   0.199  0.667  0.134
  94 L TR   0.170  0.688  0.142
  95 Q TR   0.195  0.672  0.132
  96 L TR   0.292  0.574  0.134
  97 Y TR   0.272  0.575  0.153
  98 P TR   0.234  0.570  0.196
  99 S TR   0.261  0.543  0.195
 100 P TR   0.261  0.515  0.224
 101 F TR   0.307  0.511  0.182
 102 A TR   0.365  0.445  0.190
 103 T TR   0.348  0.426  0.225
 104 S TR   0.402  0.407  0.191
 105 D TR   0.343  0.472  0.185
 106 F TR   0.396  0.447  0.157
 107 M TR   0.338  0.511  0.151
 108 V TR   0.324  0.534  0.142
 109 R TR   0.264  0.583  0.152
 110 F TR   0.351  0.503  0.146
 111 P TR   0.338  0.539  0.123
 112 E TR   0.374  0.512  0.115
 113 W TR   0.360  0.530  0.111
 114 L TR   0.259  0.615  0.126
 115 P TR   0.173  0.686  0.141
 116 L TR   0.210  0.633  0.157
 117 D TR   0.166  0.648  0.186
 118 K TR   0.179  0.680  0.141
 119 W TR   0.276  0.580  0.144
 120 V TR   0.291  0.572  0.137
 121 P TR   0.311  0.535  0.154
 122 Q TR   0.253  0.598  0.149
 123 V TR   0.298  0.575  0.127
 124 F TR   0.370  0.493  0.137
 125 V TR   0.289  0.574  0.137
 126 A TR   0.286  0.585  0.129
 127 S TR   0.280  0.547  0.172
 128 G TR   0.325  0.520  0.155
 129 D TR   0.271  0.582  0.147
 130 C TR   0.307  0.536  0.158
 131 A TR   0.272  0.575  0.152
 132 E TR   0.272  0.576  0.152
 133 R TR   0.369  0.517  0.114
 134 Q TR   0.322  0.556  0.122
 135 W TR   0.323  0.542  0.135
 136 D TR   0.345  0.519  0.136
 137 F TR   0.291  0.561  0.148
 138 L TR   0.353  0.497  0.150
 139 G TR   0.334  0.522  0.144
 140 L TR   0.346  0.510  0.144
 141 E TR   0.327  0.542  0.132
 142 M TR   0.406  0.476  0.118
 143 P TR   0.373  0.466  0.161
 144 Q TR   0.402  0.421  0.177
 145 W MC   0.534  0.294  0.172
 146 L MC   0.598  0.231  0.171
 147 L MC   0.642  0.206  0.153
 148 G MC   0.629  0.214  0.157
 149 I MC   0.624  0.210  0.166
 150 F MC   0.617  0.233  0.150
 151 I MC   0.633  0.214  0.153
 152 A MC   0.641  0.203  0.156
 153 Y MC   0.626  0.204  0.170
 154 L MC   0.648  0.203  0.149
 155 I MC   0.630  0.222  0.148
 156 V MC   0.636  0.207  0.157
 157 A MC   0.636  0.222  0.141
 158 V MC   0.590  0.258  0.152
 159 L MC   0.511  0.325  0.164
 160 V TR   0.405  0.437  0.157
 161 V TR   0.314  0.516  0.169
 162 I TR   0.276  0.556  0.168
 163 S TR   0.241  0.622  0.136
 164 Q TR   0.215  0.661  0.124
