   1 M H TR   0.127  0.182  0.027  0.087  0.378  0.056  0.044  0.048  0.051  0.197
   2 L H TR   0.145  0.188  0.029  0.088  0.348  0.060  0.053  0.049  0.041  0.159
   3 R H TR   0.113  0.227  0.029  0.082  0.351  0.052  0.059  0.043  0.044  0.124
   4 F H TR   0.079  0.185  0.024  0.103  0.394  0.058  0.064  0.045  0.048  0.209
   5 L H TR   0.117  0.182  0.029  0.091  0.364  0.060  0.060  0.046  0.051  0.181
   6 N H TR   0.102  0.229  0.026  0.077  0.368  0.055  0.055  0.046  0.042  0.138
   7 Q H TR   0.075  0.274  0.028  0.069  0.344  0.056  0.062  0.051  0.041  0.070
   8 A C TR   0.121  0.332  0.042  0.057  0.251  0.042  0.072  0.050  0.033  0.080
   9 S C TR   0.155  0.346  0.053  0.053  0.219  0.036  0.059  0.047  0.032  0.127
  10 Q C TR   0.076  0.412  0.056  0.062  0.187  0.035  0.076  0.070  0.026  0.226
  11 G C TR   0.124  0.404  0.094  0.060  0.135  0.030  0.062  0.065  0.024  0.269
  12 R C TR   0.209  0.260  0.082  0.089  0.181  0.034  0.053  0.065  0.026  0.050
  13 G H TR   0.123  0.220  0.046  0.172  0.221  0.049  0.044  0.095  0.030  0.001
  14 A H MC   0.157  0.103  0.036  0.276  0.226  0.085  0.036  0.048  0.032  0.050
  15 W H MC   0.099  0.072  0.031  0.357  0.218  0.097  0.038  0.051  0.037  0.139
  16 L H MC   0.065  0.051  0.030  0.467  0.163  0.085  0.048  0.050  0.041  0.305
  17 L H MC   0.072  0.060  0.029  0.505  0.131  0.076  0.046  0.042  0.038  0.374
  18 M H MC   0.072  0.042  0.034  0.554  0.072  0.088  0.046  0.051  0.041  0.466
  19 A H MC   0.050  0.045  0.039  0.554  0.079  0.077  0.061  0.055  0.041  0.475
  20 F H MC   0.079  0.036  0.036  0.557  0.066  0.084  0.053  0.054  0.036  0.474
  21 T H MC   0.046  0.046  0.037  0.581  0.056  0.080  0.059  0.057  0.038  0.501
  22 A H MC   0.066  0.041  0.038  0.546  0.066  0.082  0.055  0.066  0.039  0.464
  23 L H MC   0.090  0.040  0.035  0.536  0.065  0.085  0.053  0.057  0.040  0.446
  24 A H MC   0.050  0.036  0.039  0.552  0.063  0.084  0.063  0.072  0.040  0.467
  25 L H MC   0.074  0.033  0.032  0.540  0.075  0.100  0.054  0.056  0.036  0.440
  26 E H MC   0.048  0.046  0.027  0.535  0.104  0.086  0.061  0.055  0.038  0.431
  27 L H MC   0.070  0.050  0.032  0.515  0.092  0.092  0.051  0.062  0.036  0.423
  28 T H MC   0.059  0.071  0.032  0.518  0.105  0.072  0.054  0.049  0.040  0.413
  29 A H MC   0.072  0.094  0.028  0.417  0.171  0.080  0.053  0.044  0.041  0.246
  30 L H TR   0.099  0.080  0.026  0.247  0.304  0.095  0.052  0.055  0.041  0.057
  31 W H TR   0.090  0.094  0.028  0.206  0.314  0.113  0.045  0.066  0.046  0.108
  32 F H TR   0.081  0.092  0.025  0.184  0.346  0.104  0.055  0.071  0.042  0.163
  33 Q H TR   0.054  0.116  0.027  0.207  0.333  0.091  0.069  0.059  0.043  0.126
  34 H H TR   0.067  0.132  0.028  0.170  0.329  0.088  0.049  0.064  0.074  0.159
  35 V H TR   0.066  0.108  0.027  0.177  0.366  0.075  0.054  0.063  0.064  0.188
  36 M H TR   0.101  0.159  0.032  0.125  0.319  0.057  0.058  0.083  0.066  0.160
  37 L C TR   0.170  0.300  0.049  0.092  0.192  0.040  0.049  0.058  0.050  0.108
  38 L C TR   0.221  0.240  0.053  0.094  0.193  0.037  0.055  0.066  0.041  0.019
  39 K C TR   0.169  0.334  0.081  0.082  0.161  0.028  0.049  0.054  0.042  0.165
  40 P C TR   0.169  0.317  0.063  0.104  0.156  0.025  0.054  0.063  0.050  0.149
  41 C C TR   0.181  0.276  0.059  0.108  0.207  0.026  0.053  0.047  0.044  0.070
  42 V H TR   0.131  0.157  0.032  0.104  0.344  0.059  0.054  0.060  0.059  0.187
  43 L H TR   0.203  0.166  0.029  0.097  0.278  0.046  0.046  0.066  0.069  0.075
  44 S H TR   0.144  0.153  0.026  0.108  0.321  0.054  0.057  0.057  0.081  0.168
  45 I H TR   0.084  0.073  0.019  0.150  0.395  0.079  0.061  0.070  0.069  0.246
  46 Y H TR   0.080  0.063  0.020  0.169  0.389  0.093  0.048  0.078  0.060  0.221
  47 E H TR   0.163  0.062  0.021  0.167  0.353  0.075  0.047  0.055  0.056  0.186
  48 R H MC   0.173  0.050  0.026  0.289  0.261  0.069  0.041  0.054  0.038  0.028
  49 A H MC   0.075  0.057  0.034  0.423  0.175  0.089  0.043  0.067  0.038  0.248
  50 A H MC   0.143  0.052  0.037  0.435  0.123  0.083  0.049  0.042  0.036  0.292
  51 L H MC   0.077  0.058  0.030  0.506  0.101  0.087  0.054  0.050  0.038  0.405
  52 F H MC   0.113  0.036  0.034  0.509  0.085  0.093  0.044  0.050  0.037  0.396
  53 G H MC   0.140  0.045  0.033  0.481  0.097  0.084  0.039  0.045  0.036  0.342
  54 V H MC   0.100  0.048  0.039  0.524  0.080  0.074  0.049  0.047  0.040  0.425
  55 L H MC   0.067  0.050  0.034  0.526  0.103  0.071  0.053  0.056  0.040  0.423
  56 G H MC   0.069  0.048  0.043  0.530  0.107  0.059  0.060  0.044  0.040  0.423
  57 A H MC   0.049  0.037  0.037  0.537  0.114  0.072  0.068  0.047  0.037  0.423
  58 A H MC   0.054  0.052  0.038  0.511  0.126  0.062  0.067  0.048  0.043  0.386
  59 L H MC   0.056  0.064  0.039  0.488  0.138  0.064  0.058  0.045  0.049  0.350
  60 I H MC   0.079  0.053  0.036  0.451  0.168  0.070  0.067  0.036  0.040  0.283
  61 G H MC   0.063  0.080  0.034  0.430  0.161  0.066  0.060  0.049  0.055  0.269
  62 A H TR   0.124  0.144  0.028  0.195  0.266  0.061  0.055  0.059  0.068  0.071
  63 I C TR   0.149  0.243  0.039  0.137  0.207  0.057  0.065  0.056  0.047  0.036
  64 A C TR   0.116  0.373  0.063  0.090  0.173  0.041  0.064  0.047  0.034  0.200
  65 P C TR   0.123  0.434  0.076  0.070  0.112  0.033  0.079  0.051  0.021  0.312
  66 K C TR   0.075  0.398  0.089  0.066  0.170  0.034  0.108  0.042  0.019  0.228
  67 T C TR   0.040  0.378  0.071  0.068  0.215  0.033  0.116  0.056  0.022  0.163
  68 P C TR   0.046  0.307  0.046  0.092  0.275  0.051  0.116  0.042  0.026  0.033
  69 L H TR   0.048  0.220  0.032  0.101  0.334  0.062  0.097  0.064  0.041  0.114
  70 R H TR   0.033  0.161  0.023  0.112  0.401  0.082  0.080  0.064  0.045  0.240
  71 Y H TR   0.041  0.099  0.020  0.151  0.425  0.085  0.070  0.060  0.050  0.274
  72 V H TR   0.045  0.086  0.022  0.287  0.332  0.068  0.064  0.048  0.049  0.045
  73 A H MC   0.034  0.079  0.022  0.329  0.285  0.067  0.082  0.062  0.040  0.044
  74 M H MC   0.055  0.042  0.029  0.437  0.203  0.069  0.067  0.057  0.042  0.234
  75 V H MC   0.048  0.052  0.038  0.512  0.109  0.069  0.069  0.062  0.041  0.402
  76 I H MC   0.060  0.038  0.034  0.494  0.108  0.078  0.083  0.066  0.041  0.386
  77 W H MC   0.059  0.042  0.031  0.526  0.098  0.084  0.050  0.068  0.042  0.428
  78 L H MC   0.054  0.049  0.040  0.521  0.083  0.057  0.079  0.071  0.046  0.438
  79 Y H MC   0.055  0.040  0.038  0.517  0.097  0.079  0.060  0.073  0.040  0.419
  80 S H MC   0.065  0.046  0.036  0.530  0.075  0.058  0.054  0.090  0.046  0.440
  81 A H MC   0.043  0.066  0.039  0.545  0.070  0.062  0.060  0.070  0.045  0.475
  82 F H MC   0.061  0.056  0.044  0.524  0.079  0.067  0.064  0.064  0.040  0.445
  83 R H MC   0.052  0.044  0.041  0.483  0.110  0.072  0.101  0.057  0.040  0.372
  84 G H MC   0.043  0.082  0.041  0.392  0.166  0.054  0.098  0.074  0.050  0.226
  85 V H MC   0.048  0.092  0.037  0.378  0.161  0.079  0.100  0.058  0.046  0.217
  86 Q H TR   0.046  0.124  0.033  0.257  0.269  0.065  0.111  0.050  0.045  0.012
  87 L H TR   0.037  0.110  0.023  0.150  0.341  0.076  0.143  0.075  0.043  0.191
  88 T H TR   0.027  0.134  0.025  0.174  0.330  0.074  0.095  0.091  0.051  0.157
  89 Y H TR   0.025  0.134  0.019  0.113  0.397  0.061  0.111  0.085  0.055  0.263
  90 E H TR   0.026  0.160  0.020  0.093  0.421  0.069  0.113  0.061  0.037  0.261
  91 H H TR   0.023  0.193  0.021  0.079  0.387  0.053  0.116  0.088  0.040  0.194
  92 T H TR   0.039  0.168  0.021  0.082  0.391  0.053  0.069  0.130  0.046  0.223
  93 M H TR   0.035  0.199  0.022  0.081  0.362  0.060  0.083  0.106  0.052  0.163
  94 L H TR   0.040  0.172  0.021  0.081  0.396  0.063  0.049  0.120  0.057  0.223
  95 Q H TR   0.077  0.253  0.032  0.063  0.325  0.034  0.056  0.094  0.067  0.072
  96 L C TR   0.188  0.262  0.050  0.052  0.246  0.032  0.052  0.065  0.053  0.016
  97 Y C TR   0.180  0.410  0.096  0.057  0.093  0.019  0.035  0.072  0.037  0.230
  98 P C TR   0.085  0.432  0.144  0.086  0.085  0.017  0.064  0.053  0.035  0.287
  99 S C TR   0.116  0.399  0.138  0.090  0.079  0.019  0.055  0.065  0.038  0.261
 100 P C TR   0.088  0.369  0.149  0.131  0.090  0.021  0.042  0.056  0.053  0.219
 101 F C TR   0.116  0.312  0.092  0.133  0.144  0.030  0.059  0.055  0.061  0.168
 102 A C TR   0.186  0.247  0.094  0.116  0.124  0.022  0.063  0.074  0.074  0.062
 103 T C TR   0.160  0.283  0.107  0.131  0.085  0.021  0.058  0.058  0.097  0.123
 104 S C TR   0.227  0.259  0.106  0.120  0.067  0.017  0.055  0.081  0.068  0.032
 105 D C TR   0.218  0.312  0.102  0.079  0.097  0.019  0.046  0.064  0.064  0.094
 106 F C TR   0.274  0.281  0.084  0.080  0.128  0.023  0.042  0.038  0.050  0.007
 107 M C TR   0.211  0.344  0.086  0.086  0.134  0.024  0.041  0.034  0.041  0.132
 108 V C TR   0.231  0.377  0.078  0.052  0.125  0.028  0.040  0.033  0.036  0.146
 109 R C TR   0.152  0.372  0.079  0.075  0.154  0.031  0.038  0.058  0.042  0.218
 110 F C TR   0.237  0.287  0.064  0.077  0.170  0.046  0.037  0.046  0.037  0.050
 111 P H TR   0.228  0.217  0.045  0.083  0.229  0.055  0.026  0.093  0.023  0.001
 112 E C MC   0.277  0.276  0.052  0.056  0.198  0.040  0.041  0.037  0.024  0.001
 113 W C TR   0.255  0.294  0.041  0.057  0.178  0.049  0.047  0.057  0.020  0.039
 114 L C TR   0.151  0.391  0.059  0.062  0.178  0.048  0.046  0.047  0.019  0.213
 115 P C TR   0.054  0.403  0.063  0.063  0.252  0.060  0.056  0.031  0.018  0.151
 116 L H TR   0.047  0.241  0.034  0.086  0.354  0.107  0.078  0.038  0.016  0.113
 117 D C TR   0.037  0.309  0.046  0.072  0.297  0.125  0.058  0.041  0.015  0.012
 118 K H TR   0.078  0.313  0.042  0.054  0.323  0.078  0.047  0.044  0.021  0.010
 119 W H TR   0.173  0.201  0.039  0.069  0.315  0.079  0.034  0.065  0.026  0.114
 120 V H TR   0.181  0.211  0.036  0.076  0.308  0.073  0.033  0.054  0.028  0.097
 121 P H TR   0.186  0.163  0.035  0.087  0.315  0.088  0.037  0.057  0.032  0.129
 122 Q H TR   0.117  0.219  0.035  0.101  0.337  0.079  0.034  0.042  0.035  0.119
 123 V H TR   0.188  0.231  0.043  0.081  0.278  0.041  0.028  0.067  0.043  0.047
 124 F C TR   0.268  0.275  0.065  0.075  0.185  0.034  0.027  0.033  0.038  0.007
 125 V C TR   0.180  0.393  0.074  0.077  0.120  0.027  0.032  0.060  0.037  0.213
 126 A C TR   0.179  0.411  0.074  0.065  0.129  0.023  0.042  0.045  0.033  0.232
 127 S C TR   0.169  0.383  0.105  0.069  0.120  0.019  0.041  0.044  0.048  0.214
 128 G C TR   0.226  0.358  0.090  0.061  0.123  0.020  0.038  0.039  0.046  0.132
 129 D C TR   0.170  0.389  0.083  0.062  0.148  0.021  0.039  0.044  0.042  0.219
 130 C C TR   0.218  0.332  0.090  0.057  0.140  0.026  0.032  0.064  0.042  0.114
 131 A C TR   0.149  0.293  0.064  0.082  0.190  0.035  0.041  0.093  0.054  0.103
 132 E C TR   0.170  0.267  0.047  0.069  0.258  0.045  0.033  0.051  0.060  0.009
 133 R C MC   0.276  0.242  0.037  0.060  0.220  0.036  0.034  0.055  0.041  0.034
 134 Q H TR   0.217  0.193  0.036  0.074  0.330  0.050  0.031  0.034  0.036  0.113
 135 W H TR   0.210  0.155  0.030  0.080  0.334  0.076  0.033  0.053  0.029  0.124
 136 D H TR   0.229  0.156  0.026  0.091  0.301  0.069  0.025  0.062  0.041  0.072
 137 F H TR   0.166  0.167  0.026  0.087  0.341  0.062  0.038  0.053  0.059  0.174
 138 L H TR   0.151  0.216  0.050  0.131  0.222  0.061  0.072  0.059  0.039  0.005
 139 G H TR   0.112  0.239  0.050  0.150  0.241  0.052  0.072  0.041  0.042  0.002
 140 L H TR   0.185  0.190  0.038  0.104  0.280  0.062  0.056  0.040  0.044  0.089
 141 E C TR   0.133  0.256  0.041  0.106  0.230  0.055  0.088  0.055  0.035  0.026
 142 M C MC   0.257  0.168  0.037  0.092  0.257  0.057  0.057  0.050  0.024  0.000
 143 P H TR   0.115  0.132  0.042  0.183  0.285  0.093  0.075  0.048  0.026  0.102
 144 Q H TR   0.119  0.112  0.046  0.208  0.267  0.105  0.074  0.042  0.027  0.059
 145 W H MC   0.085  0.062  0.044  0.393  0.182  0.098  0.056  0.050  0.030  0.211
 146 L H MC   0.084  0.060  0.052  0.465  0.109  0.084  0.049  0.062  0.036  0.356
 147 L H MC   0.097  0.045  0.036  0.501  0.097  0.075  0.044  0.064  0.042  0.404
 148 G H MC   0.054  0.061  0.033  0.525  0.083  0.084  0.050  0.070  0.040  0.442
 149 I H MC   0.064  0.046  0.038  0.514  0.092  0.085  0.046  0.072  0.043  0.421
 150 F H MC   0.053  0.054  0.033  0.522  0.109  0.080  0.042  0.070  0.037  0.413
 151 I H MC   0.047  0.054  0.033  0.524  0.107  0.087  0.061  0.053  0.033  0.418
 152 A H MC   0.059  0.052  0.036  0.516  0.106  0.088  0.066  0.044  0.032  0.410
 153 Y H MC   0.048  0.043  0.037  0.504  0.114  0.105  0.074  0.047  0.027  0.390
 154 L H MC   0.039  0.048  0.041  0.519  0.106  0.076  0.091  0.049  0.031  0.412
 155 I H MC   0.039  0.045  0.040  0.508  0.130  0.077  0.083  0.047  0.031  0.378
 156 V H MC   0.048  0.045  0.033  0.516  0.110  0.092  0.072  0.052  0.033  0.406
 157 A H MC   0.055  0.044  0.036  0.515  0.125  0.071  0.066  0.052  0.034  0.390
 158 V H MC   0.065  0.056  0.029  0.466  0.161  0.090  0.059  0.041  0.033  0.305
 159 L H MC   0.053  0.074  0.025  0.396  0.212  0.110  0.062  0.039  0.029  0.184
 160 V H TR   0.041  0.087  0.022  0.303  0.310  0.102  0.062  0.040  0.033  0.008
 161 V H TR   0.063  0.099  0.023  0.191  0.367  0.104  0.060  0.051  0.042  0.176
 162 I H TR   0.057  0.168  0.028  0.161  0.339  0.102  0.059  0.049  0.038  0.170
 163 S H TR   0.074  0.267  0.041  0.111  0.307  0.058  0.056  0.049  0.038  0.040
 164 Q C TR   0.064  0.350  0.047  0.098  0.266  0.046  0.053  0.045  0.031  0.084
