   1 M H   0.335  0.521  0.144
   2 L H   0.362  0.495  0.143
   3 R H   0.369  0.485  0.145
   4 F H   0.288  0.555  0.157
   5 L H   0.328  0.515  0.157
   6 N H   0.357  0.500  0.143
   7 Q H   0.377  0.469  0.154
   8 A C   0.494  0.351  0.155
   9 S C   0.554  0.308  0.138
  10 Q C   0.545  0.283  0.172
  11 G C   0.623  0.226  0.151
  12 R C   0.551  0.304  0.145
  13 G H   0.389  0.443  0.168
  14 A H   0.296  0.587  0.116
  15 W H   0.201  0.673  0.126
  16 L H   0.146  0.715  0.139
  17 L H   0.162  0.712  0.126
  18 M H   0.147  0.715  0.138
  19 A H   0.134  0.710  0.157
  20 F H   0.150  0.707  0.142
  21 T H   0.129  0.717  0.154
  22 A H   0.145  0.694  0.160
  23 L H   0.164  0.686  0.149
  24 A H   0.126  0.699  0.175
  25 L H   0.139  0.715  0.146
  26 E H   0.122  0.724  0.154
  27 L H   0.152  0.699  0.149
  28 T H   0.162  0.696  0.143
  29 A H   0.193  0.668  0.138
  30 L H   0.205  0.647  0.148
  31 W H   0.212  0.632  0.156
  32 F H   0.198  0.633  0.168
  33 Q H   0.197  0.631  0.172
  34 H H   0.226  0.587  0.187
  35 V H   0.202  0.618  0.180
  36 M H   0.292  0.502  0.206
  37 L C   0.519  0.324  0.157
  38 L C   0.514  0.325  0.161
  39 K C   0.584  0.271  0.145
  40 P C   0.548  0.285  0.166
  41 C C   0.516  0.341  0.143
  42 V H   0.320  0.507  0.174
  43 L H   0.398  0.421  0.181
  44 S H   0.322  0.482  0.196
  45 I H   0.176  0.624  0.200
  46 Y H   0.163  0.651  0.186
  47 E H   0.245  0.596  0.159
  48 R H   0.249  0.618  0.133
  49 A H   0.166  0.687  0.148
  50 A H   0.232  0.641  0.127
  51 L H   0.165  0.694  0.141
  52 F H   0.183  0.687  0.131
  53 G H   0.218  0.662  0.120
  54 V H   0.186  0.678  0.136
  55 L H   0.151  0.700  0.150
  56 G H   0.160  0.697  0.144
  57 A H   0.124  0.723  0.152
  58 A H   0.144  0.699  0.157
  59 L H   0.159  0.690  0.151
  60 I H   0.168  0.689  0.142
  61 G H   0.178  0.658  0.164
  62 A H   0.297  0.521  0.182
  63 I C   0.432  0.401  0.167
  64 A C   0.552  0.304  0.145
  65 P C   0.633  0.216  0.151
  66 K C   0.562  0.270  0.169
  67 T C   0.489  0.316  0.195
  68 P H   0.399  0.417  0.184
  69 L H   0.300  0.498  0.203
  70 R H   0.216  0.594  0.189
  71 Y H   0.160  0.660  0.179
  72 V H   0.152  0.687  0.161
  73 A H   0.134  0.681  0.184
  74 M H   0.126  0.709  0.165
  75 V H   0.138  0.690  0.172
  76 I H   0.131  0.680  0.189
  77 W H   0.132  0.708  0.160
  78 L H   0.143  0.661  0.196
  79 Y H   0.134  0.692  0.174
  80 S H   0.147  0.664  0.190
  81 A H   0.148  0.677  0.175
  82 F H   0.161  0.670  0.168
  83 R H   0.137  0.665  0.198
  84 G H   0.166  0.612  0.222
  85 V H   0.178  0.618  0.204
  86 Q H   0.203  0.591  0.206
  87 L H   0.171  0.567  0.262
  88 T H   0.186  0.578  0.236
  89 Y H   0.178  0.571  0.252
  90 E H   0.206  0.582  0.211
  91 H H   0.237  0.519  0.244
  92 T H   0.228  0.526  0.246
  93 M H   0.256  0.502  0.242
  94 L H   0.233  0.540  0.227
  95 Q H   0.361  0.422  0.216
  96 L C   0.500  0.330  0.170
  97 Y C   0.685  0.170  0.144
  98 P C   0.661  0.188  0.152
  99 S C   0.653  0.189  0.158
 100 P C   0.606  0.242  0.151
 101 F C   0.519  0.306  0.174
 102 A C   0.527  0.262  0.211
 103 T C   0.550  0.237  0.213
 104 S C   0.591  0.205  0.204
 105 D C   0.631  0.196  0.173
 106 F C   0.639  0.231  0.130
 107 M C   0.640  0.244  0.116
 108 V C   0.686  0.205  0.109
 109 R C   0.603  0.260  0.137
 110 F C   0.588  0.293  0.119
 111 P C   0.490  0.368  0.142
 112 E C   0.605  0.294  0.101
 113 W C   0.590  0.285  0.124
 114 L C   0.600  0.288  0.112
 115 P C   0.521  0.374  0.105
 116 L H   0.322  0.547  0.131
 117 D H   0.392  0.494  0.114
 118 K H   0.434  0.454  0.112
 119 W H   0.412  0.463  0.125
 120 V H   0.428  0.457  0.115
 121 P H   0.384  0.490  0.126
 122 Q H   0.371  0.517  0.112
 123 V C   0.462  0.400  0.138
 124 F C   0.608  0.294  0.098
 125 V C   0.647  0.224  0.129
 126 A C   0.664  0.216  0.120
 127 S C   0.658  0.208  0.134
 128 G C   0.674  0.204  0.122
 129 D C   0.643  0.232  0.126
 130 C C   0.639  0.222  0.138
 131 A C   0.505  0.307  0.187
 132 E C   0.484  0.372  0.144
 133 R C   0.555  0.315  0.130
 134 Q H   0.445  0.453  0.101
 135 W H   0.395  0.490  0.115
 136 D H   0.411  0.461  0.128
 137 F H   0.359  0.490  0.151
 138 L C   0.417  0.413  0.170
 139 G H   0.401  0.443  0.156
 140 L H   0.414  0.446  0.140
 141 E C   0.430  0.392  0.178
 142 M C   0.463  0.406  0.131
 143 P H   0.289  0.562  0.149
 144 Q H   0.277  0.580  0.143
 145 W H   0.191  0.674  0.135
 146 L H   0.196  0.658  0.147
 147 L H   0.178  0.673  0.149
 148 G H   0.148  0.692  0.160
 149 I H   0.148  0.691  0.161
 150 F H   0.141  0.711  0.149
 151 I H   0.133  0.718  0.148
 152 A H   0.147  0.710  0.142
 153 Y H   0.129  0.723  0.148
 154 L H   0.128  0.701  0.171
 155 I H   0.124  0.715  0.161
 156 V H   0.126  0.717  0.156
 157 A H   0.135  0.712  0.153
 158 V H   0.151  0.717  0.133
 159 L H   0.152  0.718  0.130
 160 V H   0.150  0.715  0.135
 161 V H   0.185  0.662  0.154
 162 I H   0.253  0.601  0.146
 163 S H   0.382  0.475  0.143
 164 Q C   0.461  0.410  0.129
